10000 2
-14 -15 
-102 101 
085 -73 
071 029 
-103 -124 
150 093 
002 -71 
136 -71 
-26 -133 
020 -17 
-35 047 
006 048 
092 -141 
069 104 
036 -73 
-19 -09 
-74 055 
127 045 
-135 045 
-149 -119 
011 -130 
-50 -140 
136 050 
084 -140 
115 -73 
-26 -12 
-95 117 
087 -135 
004 096 
023 109 
138 096 
-129 -19 
-96 -71 
105 -81 
097 058 
-05 047 
127 -63 
-102 114 
-47 050 
145 -09 
133 -127 
110 -111 
077 -59 
-140 -57 
-66 -108 
-22 -65 
-119 002 
010 -113 
-04 -11 
-95 130 
073 -57 
-134 -121 
064 123 
-129 -06 
045 -119 
-43 -03 
-10 -55 
-131 -116 
110 010 
-11 -51 
094 002 
140 118 
066 -60 
107 -59 
-108 053 
-122 -111 
101 126 
040 -113 
-129 115 
-66 134 
061 -54 
135 -105 
121 -03 
-36 013 
-50 115 
-87 -33 
114 -43 
-62 -03 
-150 -116 
058 062 
140 131 
-103 144 
079 121 
-138 123 
-97 -105 
-139 -102 
012 067 
-131 018 
070 008 
144 -43 
003 018 
-85 134 
135 137 
-99 -30 
093 140 
-141 -27 
-143 -100 
-23 -35 
-78 029 
109 -108 
072 -27 
111 -99 
056 -35 
-58 129 
135 029 
102 -148 
-127 029 
051 035 
082 139 
035 027 
-02 145 
-104 134 
-145 096 
-16 -19 
-11 096 
138 -104 
097 -142 
-146 137 
-102 -86 
032 -86 
049 083 
-130 -148 
109 134 
016 -94 
-139 032 
021 021 
134 -102 
034 -40 
-02 037 
039 038 
070 142 
092 -99 
111 -86 
-58 142 
116 029 
009 -97 
000 083 
019 096 
063 139 
071 -37 
090 -24 
-20 104 
-12 -35 
-81 094 
034 081 
-54 -32 
009 024 
-79 -89 
-93 -24 
132 094 
-47 -137 
030 046 
-17 -29 
076 -67 
136 -16 
-114 038 
-35 102 
-137 054 
097 -08 
083 094 
-33 148 
-121 035 
-42 099 
002 105 
131 -10 
-72 -73 
043 -123 
-26 043 
-128 -05 
078 -129 
-65 051 
050 038 
143 000 
108 -21 
-47 105 
-28 118 
-25 -136 
-80 -72 
-105 -129 
-133 038 
122 062 
-114 051 
-101 -10 
-65 -57 
091 -69 
-19 059 
075 -77 
094 -64 
025 102 
066 -126 
-17 105 
-50 -72 
-105 -08 
-45 006 
115 -05 
-18 -120 
128 -66 
073 -02 
-142 110 
018 062 
-68 059 
-129 049 
-98 116 
-98 -113 
036 116 
-38 -62 
131 124 
-03 -105 
043 011 
-45 127 
-73 065 
059 -08 
-115 068 
-82 016 
105 108 
-98 008 
-24 -43 
-112 073 
-38 059 
-11 -104 
-66 -40 
-25 -02 
-80 062 
-36 068 
079 055 
038 054 
-92 -56 
-73 -43 
-15 127 
-34 -115 
100 114 
026 -101 
-43 065 
-98 129 
-117 -113 
-76 -112 
017 116 
-24 078 
-39 -45 
121 -56 
033 060 
126 022 
-55 -53 
079 -53 
-09 063 
-78 -37 
-106 -99 
-76 009 
149 127 
130 -115 
-30 -104 
000 004 
-36 081 
-23 020 
101 086 
068 138 
142 124 
-34 127 
-67 -50 
-117 129 
-76 130 
-01 079 
141 -101 
058 130 
-30 017 
033 073 
019 138 
148 023 
010 089 
-23 141 
-78 -24 
-20 146 
095 133 
021 -45 
-48 084 
-07 -144 
-136 -29 
034 -106 
047 092 
-60 -34 
074 -34 
093 -21 
013 -44 
032 -31 
-111 149 
-130 -93 
-37 135 
095 025 
-81 028 
134 -47 
-145 043 
056 033 
-77 -82 
-27 035 
-127 097 
014 036 
-60 -142 
-74 -77 
-102 -139 
-42 -88 
-111 041 
-07 098 
-40 -79 
-54 023 
-68 -141 
028 092 
041 031 
025 023 
013 -31 
-56 098 
002 039 
-100 028 
-26 -23 
029 -87 
-133 -149 
-68 -20 
083 149 
-10 -79 
105 -92 
-77 -69 
-19 -128 
-75 -23 
-89 042 
090 044 
076 109 
-72 -18 
-95 -01 
-82 -63 
-96 039 
105 029 
-65 -123 
-19 -07 
041 044 
-56 111 
-53 116 
084 -138 
-40 055 
-13 -71 
-68 -07 
004 098 
-65 -02 
064 -117 
-38 -128 
003 -127 
-61 -112 
-108 042 
140 -122 
085 -58 
071 044 
084 -17 
-114 -01 
-129 -125 
-98 -58 
017 -71 
-135 060 
-08 -128 
-149 -104 
-50 -125 
015 004 
087 109 
-101 058 
-134 -119 
-117 050 
-39 -111 
066 -58 
107 -57 
-55 -119 
-103 133 
-31 009 
098 -106 
-04 112 
063 -127 
-78 -103 
-147 063 
-73 012 
001 -39 
-18 -52 
-134 002 
-15 -47 
-115 015 
-10 068 
086 005 
091 120 
110 133 
-11 072 
075 112 
149 061 
075 -117 
084 117 
-09 -111 
010 -98 
-119 017 
128 123 
-98 076 
-57 077 
-90 -100 
-104 002 
-99 080 
061 069 
-99 -149 
047 -95 
-55 -106 
-110 -42 
-143 010 
-64 074 
-04 125 
101 141 
-125 064 
128 015 
007 -46 
141 -46 
086 018 
-21 -108 
-24 146 
-02 -95 
-90 021 
-145 085 
-104 -106 
000 -49 
-141 -25 
-124 144 
010 144 
-42 -46 
013 -110 
-78 031 
049 072 
-51 134 
068 085 
-125 -44 
-51 -95 
-134 136 
-48 139 
141 075 
067 -103 
072 -25 
070 131 
089 144 
-16 -138 
-30 -36 
102 083 
-146 018 
-88 -41 
-56 -89 
021 131 
-48 031 
012 082 
053 083 
141 -33 
-90 034 
056 088 
-132 037 
148 091 
104 021 
-111 096 
117 -40 
076 -78 
026 101 
048 -140 
-68 -86 
111 -84 
009 134 
000 085 
041 086 
-121 024 
-102 037 
016 029 
117 081 
062 145 
002 -135 
034 083 
122 -70 
139 -130 
037 088 
111 037 
-49 048 
078 -140 
-137 -65 
009 026 
113 083 
-135 -19 
-130 096 
085 -16 
-108 -145 
-86 -127 
020 040 
006 105 
-123 -09 
133 -83 
-29 -145 
083 096 
-10 -132 
110 -67 
-47 -14 
013 037 
-94 -126 
057 043 
087 -78 
-123 112 
121 -80 
038 -78 
131 113 
-72 050 
131 -116 
106 056 
-13 -124 
-101 -08 
119 -05 
124 110 
-38 048 
-93 112 
127 115 
025 104 
085 118 
066 -124 
112 -08 
057 056 
-40 123 
-92 -67 
087 -65 
-101 113 
100 -126 
045 -62 
031 003 
017 105 
-98 -111 
075 046 
107 -02 
079 -64 
-86 128 
-64 -113 
137 -123 
128 057 
100 -05 
-29 110 
119 008 
017 -03 
-71 113 
-104 -64 
-122 067 
126 -97 
-91 134 
043 134 
-09 -56 
010 -43 
137 -01 
-51 -53 
040 065 
073 013 
141 -112 
-30 006 
075 059 
088 -01 
-141 -91 
005 -37 
-09 065 
-138 -49 
115 131 
123 -45 
109 057 
095 -107 
-134 070 
-15 021 
026 022 
141 009 
-145 -89 
121 067 
000 006 
132 -104 
063 062 
051 -29 
-23 022 
150 -50 
095 014 
-12 -112 
100 129 
-15 142 
144 -94 
056 022 
-85 083 
009 -53 
042 -105 
-127 086 
000 127 
-41 089 
047 -27 
041 -101 
146 -48 
044 -96 
035 084 
-32 094 
-20 -81 
021 -43 
026 035 
141 022 
086 086 
-90 -140 
009 068 
028 081 
047 094 
069 -147 
014 -83 
148 146 
-130 -91 
-144 -26 
-53 -137 
034 017 
020 -147 
-109 -32 
-123 033 
042 137 
-60 089 
-74 -75 
-88 027 
118 095 
051 105 
137 145 
-75 -34 
-111 043 
016 084 
013 -150 
044 -83 
016 -145 
136 149 
081 -16 
-114 -26 
-40 -77 
139 -75 
039 -13 
023 -21 
-77 041 
-60 -19 
-93 033 
-107 -131 
-61 -15 
-149 -128 
-144 -13 
090 -75 
-53 105 
-72 -137 
081 105 
084 -149 
134 -32 
139 046 
006 -69 
138 087 
-96 -80 
-65 -13 
-60 102 
-19 -126 
096 -139 
-121 092 
057 098 
057 -131 
122 -01 
120 -75 
-77 054 
050 095 
017 -82 
022 -04 
027 111 
099 -13 
-22 -74 
112 -74 
057 -10 
-72 105 
-50 -136 
-53 118 
131 -61 
117 041 
-45 -58 
-147 -69 
-142 046 
018 -01 
-82 060 
050 -13 
096 103 
-126 -10 
126 -55 
098 -117 
-04 101 
-119 -115 
106 003 
105 044 
-38 -05 
003 -04 
121 -12 
-22 -61 
079 -09 
084 106 
015 006 
106 124 
114 -52 
-115 125 
064 127 
012 -63 
086 -114 
140 122 
121 -120 
107 -55 
-122 122 
112 060 
-105 062 
018 132 
-29 057 
-76 -55 
-131 009 
-85 125 
149 063 
116 -114 
-08 116 
-127 -101 
-55 004 
-106 -42 
109 -117 
-145 -34 
-11 -34 
-39 133 
063 117 
082 130 
063 -112 
-97 -101 
109 004 
128 017 
-01 136 
-90 023 
-30 074 
-85 138 
083 -49 
088 066 
060 -33 
005 031 
-09 133 
-102 -95 
-28 -146 
032 -95 
-78 033 
072 -23 
039 029 
-90 144 
089 146 
037 -44 
-14 -90 
104 131 
136 -146 
-148 095 
-95 -79 
-21 -93 
070 025 
037 077 
023 -87 
-146 141 
069 029 
143 -22 
148 093 
146 020 
060 -20 
005 044 
-102 -82 
-69 095 
-130 085 
049 087 
035 -77 
-12 077 
026 103 
-100 -36 
-81 -23 
-21 028 
-95 042 
-123 -20 
037 -31 
083 085 
-19 037 
-47 -25 
035 044 
-72 -82 
136 096 
084 -94 
-100 085 
043 -132 
092 026 
-82 -127 
-77 -12 
-88 095 
-28 109 
-06 -132 
-61 -68 
-89 -130 
071 -141 
112 -140 
090 101 
-144 -66 
-53 052 
029 091 
076 -63 
038 -89 
-147 -135 
009 149 
124 099 
-79 036 
-24 -65 
008 -76 
027 -63 
066 -135 
-03 -06 
117 096 
084 -81 
103 -68 
073 -11 
-82 115 
-98 -122 
-108 099 
103 053 
115 -122 
087 045 
-13 107 
-101 -06 
059 -17 
133 -68 
018 -55 
012 -129 
031 -116 
-126 -63 
121 043 
025 106 
-94 118 
-108 -09 
112 -06 
147 -49 
-134 -62 
-15 -111 
058 -121 
-52 007 
042 -129 
107 000 
-55 -62 
098 -49 
-04 -60 
-125 -121 
054 110 
073 123 
128 059 
-29 112 
119 010 
012 -116 
-113 118 
066 120 
-27 -108 
107 -108 
093 -43 
024 123 
-143 -54 
063 051 
-92 -52 
-106 013 
095 003 
141 -110 
072 019 
-57 134 
-90 -43 
058 -108 
-57 -95 
-85 072 
042 -116 
061 -103 
-97 -46 
021 -54 
026 024 
012 126 
-76 013 
058 013 
089 080 
-145 -87 
028 070 
047 083 
019 021 
079 072 
-97 075 
068 142 
-106 026 
-20 029 
095 016 
081 081 
141 132 
122 -147 
-62 069 
067 -46 
-109 -43 
-35 -94 
070 -41 
144 -92 
-85 085 
102 140 
-27 026 
047 -25 
074 078 
148 027 
093 091 
000 -100 
005 -22 
-23 145 
051 094 
-130 019 
044 -94 
-97 -33 
049 021 
118 -145 
114 150 
-53 -27 
053 140 
-109 078 
083 019 
088 134 
047 096 
129 135 
-05 -94 
-41 -17 
-33 073 
074 -30 
129 -94 
005 099 
055 -80 
027 -142 
065 150 
-102 -27 
-56 089 
-84 027 
-139 091 
062 081 
-07 -19 
120 022 
050 -37 
-93 -86 
127 -83 
-28 043 
132 032 
-42 145 
-135 -83 
-61 -134 
-130 032 
025 -94 
-84 148 
007 037 
-100 -89 
-26 -140 
122 -13 
120 -86 
-35 040 
078 -83 
023 -19 
-38 -29 
-14 099 
-121 -27 
044 040 
104 091 
030 -124 
-70 -62 
-84 040 
002 043 
-53 107 
-105 -83 
-54 148 
-73 -131 
-13 -80 
006 -67 
-82 049 
018 -13 
097 051 
-137 -116 
-10 -75 
036 041 
110 -10 
-93 -73 
-121 094 
-102 107 
113 032 
085 -67 
071 035 
-122 -131 
057 -129 
-119 -126 
087 -21 
-68 105 
092 094 
059 -83 
105 033 
-129 -134 
017 -80 
091 -131 
-52 049 
096 -16 
027 113 
094 -126 
-06 -64 
-108 -75 
-03 -59 
-73 -118 
106 113 
-38 105 
096 105 
075 -18 
149 -69 
008 -08 
-113 -69 
-94 -56 
-122 -118 
084 -13 
-04 -126 
082 -123 
-37 -74 
040 -120 
075 -126 
052 119 
033 -123 
019 -58 
-31 121 
-138 -05 
-73 124 
001 073 
-112 132 
-131 -110 
077 068 
003 -110 
140 124 
046 -63 
-50 000 
-32 017 
-139 -109 
021 -120 
-120 -96 
067 -04 
-150 -02 
130 052 
089 014 
149 065 
019 -45 
065 071 
010 135 
-09 -107 
-23 -42 
051 -93 
109 114 
-51 -104 
-15 078 
067 117 
086 130 
-117 067 
-09 014 
-64 078 
-23 079 
132 -47 
051 028 
021 122 
070 014 
042 -48 
-58 014 
-99 -24 
-127 143 
046 071 
-102 -93 
065 084 
109 127 
-70 -141 
-34 078 
081 028 
086 143 
048 -149 
039 031 
042 073 
-99 097 
028 138 
014 -26 
-141 100 
-55 140 
-88 -37 
-69 -24 
132 -34 
-56 -85 
-20 097 
-84 -147 
048 -28 
-95 -77 
-109 025 
039 -77 
-90 038 
-96 -36 
116 143 
097 -136 
014 095 
127 -28 
-69 097 
090 090 
136 -23 
048 093 
034 -34 
125 084 
-142 -31 
111 149 
092 -93 
004 023 
-65 -77 
143 101 
-19 039 
146 143 
-107 -74 
-42 092 
-116 -123 
-130 -21 
-89 -20 
085 -133 
066 -146 
002 -131 
139 103 
-128 -12 
059 -149 
097 106 
-82 -125 
-137 -61 
050 031 
124 -20 
-47 098 
027 047 
-61 -66 
011 039 
085 -12 
-130 100 
145 039 
-89 -128 
117 -23 
134 146 
-04 -84 
-59 -20 
-13 096 
020 044 
-142 -18 
119 -14 
036 -12 
008 -74 
149 -135 
025 095 
011 -69 
112 -17 
117 098 
-59 101 
-101 104 
018 055 
-15 -122 
064 -58 
058 -132 
003 -68 
-71 -17 
-25 -130 
-135 -01 
-135 -02 
-149 063 
098 -60 
084 042 
103 055 
-119 -58 
-45 -109 
-114 057 
-13 109 
073 112 
-101 -04 
100 -14 
012 -127 
-24 -50 
022 066 
-71 -125 
135 -57 
-27 -119 
140 058 
-110 -117 
-50 -66 
073 004 
100 107 
119 120 
-43 058 
091 058 
-71 -04 
144 -116 
089 -52 
-140 125 
-06 125 
126 015 
-105 119 
-18 007 
101 -42 
128 061 
040 -52 
144 005 
130 107 
-52 130 
149 120 
-11 -98 
-140 017 
-27 -106 
-127 -44 
024 125 
-64 012 
068 131 
021 056 
-120 080 
040 069 
-15 133 
007 -108 
-104 061 
042 115 
-25 125 
061 128 
102 -100 
047 -36 
033 066 
-22 130 
060 -97 
046 005 
005 -33 
-111 021 
-125 123 
-78 -31 
068 023 
-84 -105 
026 026 
067 064 
141 013 
-150 066 
-21 -49 
-146 -44 
-141 034 
-69 -90 
-42 013 
-97 077 
049 131 
-34 133 
-136 085 
122 -145 
053 021 
-16 -79 
-104 074 
116 077 
000 131 
-33 -46 
-42 134 
032 083 
-102 -146 
104 -41 
095 139 
-67 077 
081 -25 
-07 091 
053 142 
-136 -23 
-109 080 
-90 093 
070 082 
023 -30 
-77 032 
028 085 
-65 -143 
-27 149 
-60 -28 
129 -92 
041 024 
046 139 
-102 -25 
113 -100 
132 -87 
-28 -76 
071 -97 
030 -135 
090 -84 
131 -83 
-53 096 
007 147 
048 -81 
-21 085 
-95 099 
106 -140 
037 026 
008 -32 
-88 031 
-80 -145 
-89 035 
-17 -89 
-86 040 
-40 -73 
020 -22 
006 043 
111 096 
009 085 
-129 -145 
069 099 
-24 -129 
-126 -140 
027 -127 
044 042 
085 043 
-149 -124 
118 -09 
-144 -09 
-105 -81 
-54 150 
020 099 
087 -140 
-13 -78 
-142 037 
-129 -24 
105 -86 
096 094 
003 -134 
-126 -19 
-61 -119 
-108 035 
011 -14 
085 -65 
-03 051 
140 -129 
-50 -24 
-17 -76 
-138 -137 
-13 043 
059 148 
064 -03 
-65 112 
124 048 
-24 -116 
027 115 
094 -124 
-108 -73 
030 120 
-03 -57 
-103 005 
043 059 
-45 -54 
-114 112 
142 038 
-29 -73 
-43 -08 
-24 005 
077 057 
130 -80 
080 062 
-39 -118 
126 -51 
-122 -116 
131 064 
-64 054 
115 056 
142 -70 
-128 069 
-73 005 
147 008 
-120 -107 
-98 -52 
-11 065 
-66 129 
-39 003 
066 056 
-149 131 
-09 -118 
-133 112 
-37 049 
142 051 
101 013 
-106 -51 
128 -113 
-62 -08 
-98 069 
-57 070 
072 -45 
058 057 
-145 -43 
116 -01 
061 062 
116 -02 
121 113 
-113 -54 
140 126 
047 -102 
028 -115 
135 011 
079 116 
046 -61 
065 -48 
051 017 
-37 -59 
049 -56 
-106 070 
-87 083 
067 -02 
-43 126 
-150 000 
-24 139 
-21 -115 
125 -61 
075 118 
088 057 
-127 -97 
-09 124 
067 119 
-48 -97 
-136 019 
-02 019 
-112 147 
003 134 
089 137 
-104 008 
-63 009 
-118 073 
-27 -38 
047 -89 
-36 142 
-74 -150 
-97 132 
-51 019 
-67 011 
-48 024 
-148 086 
-02 140 
139 -150 
125 -48 
070 016 
-145 091 
056 081 
-27 083 
-79 -107 
-141 -19 
-121 -104 
065 086 
049 078 
-70 -139 
035 -86 
007 081 
-48 145 
034 -45 
-150 134 
139 -29 
125 073 
-63 022 
097 -26 
-77 087 
102 089 
014 -24 
-74 -137 
118 033 
104 135 
071 -42 
136 087 
-109 027 
006 -23 
-96 -34 
-146 145 
014 097 
055 -131 
-88 086 
099 -88 
104 027 
145 028 
057 -85 
-26 146 
134 135 
015 -82 
020 033 
-123 -16 
078 -26 
-96 087 
-77 100 
-10 -139 
124 -139 
-52 -136 
118 046 
066 -144 
011 -80 
025 -145 
-144 046 
-17 087 
-84 097 
103 -77 
-40 -126 
-54 -24 
-13 -23 
-123 105 
-10 -18 
-79 148 
-05 097 
-107 049 
-80 -77 
-06 -128 
-108 090 
085 -10 
-70 116 
-17 -21 
-31 044 
048 108 
-45 -120 
142 -28 
006 111 
119 -12 
036 -10 
075 -82 
-80 044 
094 -69 
140 047 
-89 -05 
038 036 
-03 -02 
057 049 
-105 -13 
-133 -75 
-147 -10 
-18 -125 
-142 105 
-34 -133 
133 044 
-98 111 
-57 -117 
-52 -01 
094 052 
126 004 
-91 006 
-83 -133 
-78 -55 
082 -66 
-18 -04 
-45 -107 
-13 111 
-87 -104 
003 055 
149 -120 
066 111 
140 060 
126 125 
-36 063 
-110 -115 
-124 -50 
046 -127 
-64 001 
001 130 
068 -109 
-32 -47 
054 -07 
059 108 
-15 122 
-117 111 
-145 012 
-66 076 
080 130 
033 055 
126 017 
112 119 
-55 -58 
-36 -45 
065 007 
-83 -120 
-138 -56 
-147 124 
109 050 
054 114 
021 -63 
147 076 
100 001 
-148 -101 
-117 003 
012 -112 
-02 -47 
130 109 
130 -120 
047 074 
107 125 
-78 079 
068 133 
-32 -34 
-15 135 
-48 -42 
-57 138 
-140 140 
061 130 
-46 004 
074 069 
148 018 
-88 007 
146 -55 
-124 084 
060 -95 
044 -103 
-23 -93 
054 127 
-20 141 
-139 -39 
-67 066 
136 -100 
-34 014 
-76 017 
-131 081 
139 -95 
-02 -34 
028 074 
088 125 
-60 -39 
014 -90 
-69 -88 
013 -49 
118 -33 
049 133 
-84 018 
-26 -41 
034 010 
037 015 
056 028 
-96 -100 
143 -84 
-143 084 
-69 033 
127 -92 
137 138 
-130 023 
145 -38 
090 026 
-84 139 
-51 087 
076 -138 
034 131 
-81 -85 
034 -98 
-137 -17 
143 037 
-93 026 
-89 -84 
071 -95 
048 150 
139 039 
-95 -128 
006 -76 
078 029 
-137 -125 
143 -71 
-93 -82 
108 -92 
027 -17 
-121 -144 
-28 047 
-135 -79 
-130 036 
-89 037 
016 090 
084 -35 
048 042 
-119 -135 
-04 -148 
120 147 
004 -28 
-65 101 
-98 -76 
022 -11 
-135 042 
140 -19 
011 096 
071 147 
-12 149 
029 150 
029 -79 
-133 -141 
-79 095 
055 058 
-112 -119 
008 -17 
-121 098 
-08 -25 
024 -73 
045 -14 
003 -11 
126 059 
084 099 
-124 -116 
082 -11 
087 104 
018 004 
045 107 
-115 -111 
-129 -09 
036 058 
-126 -04 
089 -116 
-66 010 
-06 061 
-61 125 
-58 -129 
047 -113 
-08 -12 
-03 066 
-50 -09 
-91 -47 
015 120 
-147 058 
001 -44 
054 048 
-29 050 
012 051 
-115 010 
-62 -127 
-57 -49 
-39 005 
052 123 
126 072 
-22 -55 
074 -118 
082 002 
101 015 
128 118 
-87 -36 
119 069 
-30 -54 
098 131 
-138 120 
063 -119 
054 061 
-32 021 
095 062 
067 000 
026 -38 
-01 129 
-02 129 
089 018 
075 120 
042 -57 
-99 -33 
088 059 
-146 -108 
-69 075 
-124 139 
093 -92 
-148 -33 
-21 008 
-76 072 
072 -30 
-104 010 
-30 -41 
-118 075 
-146 013 
-55 131 
-74 -148 
-124 031 
-42 070 
-23 083 
123 137 
-67 013 
007 -38 
067 013 
-150 015 
125 -46 
-16 -22 
135 147 
-127 147 
146 013 
060 -27 
-28 -140 
090 -148 
062 019 
122 033 
048 -145 
139 -27 
-35 086 
144 088 
006 -142 
-49 -78 
083 078 
-10 -150 
124 -150 
-60 029 
143 -137 
-41 042 
041 081 
044 -143 
085 -142 
030 -78 
117 076 
-86 -24 
-07 040 
-123 094 
111 032 
055 100 
036 -142 
099 -86 
-130 091 
085 -21 
030 043 
-70 105 
057 -83 
029 084 
062 032 
134 137 
078 -24 
-137 051 
124 092 
-38 030 
-71 -147 
041 094 
127 -132 
094 -80 
025 086 
-135 -132 
-08 -91 
112 -26 
-91 -126 
-31 -75 
-101 -134 
138 148 
091 036 
-47 102 
027 051 
113 091 
094 041 
-06 -126 
121 -85 
066 -21 
-89 105 
-122 -72 
-103 -59 
043 -05 
084 033 
-105 -132 
115 -129 
087 038 
-147 -129 
073 -126 
105 092 
-29 -137 
017 -21 
-140 -05 
094 -67 
-135 110 
112 -13 
065 -125 
-147 -08 
-73 -59 
-32 -58 
-13 -08 
147 -56 
078 110 
045 -67 
-10 -03 
-57 -115 
-108 105 
-50 046 
079 -69 
082 -64 
-34 -10 
-15 003 
031 119 
075 -67 
116 -66 
-80 059 
126 127 
098 065 
046 -125 
-09 -61 
-48 -53 
012 -01 
-16 -101 
-85 065 
061 119 
135 068 
-39 -48 
-141 -96 
005 -42 
-124 073 
-37 -02 
049 001 
-20 -99 
040 -48 
141 004 
070 060 
144 009 
102 012 
-94 137 
-146 -53 
-41 -37 
-88 -112 
-42 004 
-138 067 
049 122 
123 071 
-111 -96 
-125 006 
049 -107 
021 060 
-120 084 
100 124 
-07 -39 
053 012 
-99 143 
102 133 
083 -109 
-127 081 
-14 -42 
-97 -40 
-20 143 
007 017 
141 017 
034 -109 
-76 019 
070 073 
-63 -42 
-77 023 
102 025 
041 015 
132 133 
-28 -85 
132 -96 
016 -42 
-84 020 
035 -29 
095 022 
-67 -40 
034 012 
139 028 
-54 -101 
042 132 
009 -45 
050 -44 
-132 -21 
-46 019 
143 -82 
041 -93 
-143 086 
013 074 
-102 -142 
-75 -39 
-130 025 
030 -23 
150 079 
062 -34 
-26 082 
053 146 
-90 097 
-49 098 
-68 -144 
083 025 
-38 -36 
055 -74 
041 028 
-88 143 
-33 079 
-121 -34 
113 -96 
-61 -20 
104 084 
071 136 
057 -28 
-84 033 
087 -149 
-65 -18 
-05 033 
069 -18 
108 -90 
-107 -15 
113 025 
-28 049 
-61 -128 
025 -88 
071 028 
016 092 
145 -23 
098 -135 
-133 -31 
122 -07 
-68 098 
092 087 
-137 -02 
105 026 
124 039 
017 -87 
036 -74 
-107 106 
008 -136 
-80 -20 
-135 044 
052 -130 
-31 -128 
-119 -12 
-04 -25 
-59 039 
023 108 
105 147 
105 -82 
064 -120 
091 -17 
031 -68 
022 112 
-108 039 
-89 052 
043 -58 
087 -15 
-98 -61 
108 044 
043 063 
-45 -50 
-04 -12 
109 -135 
-15 058 
-62 -17 
031 -55 
-150 -130 
-39 -114 
-22 055 
-36 120 
-83 045 
-147 060 
-73 009 
-87 074 
021 -127 
-43 117 
-150 -09 
-11 069 
-66 133 
033 112 
-09 -114 
063 -09 
-73 130 
095 -57 
114 -44 
045 122 
-148 -44 
-21 -03 
012 -55 
067 -119 
144 064 
077 074 
-44 013 
116 002 
042 053 
-46 -60 
028 -111 
-27 -47 
129 -59 
033 004 
065 -44 
-20 077 
-148 077 
-01 131 
072 080 
-76 -47 
089 020 
009 -03 
-58 007 
-132 021 
-41 139 
093 139 
-88 064 
-55 012 
005 026 
-111 080 
021 007 
-34 071 
136 -43 
-26 -105 
-131 138 
144 077 
-123 -38 
-49 -89 
083 067 
047 144 
129 -46 
-141 093 
-41 031 
-74 -146 
-72 -100 
062 -100 
-67 015 
-81 080 
-136 144 
122 -86 
053 080 
139 -146 
-90 031 
056 085 
083 -41 
-146 136 
-19 -89 
041 -38 
005 039 
-28 091 
-116 -22 
090 083 
-89 -148 
090 -146 
117 -43 
081 034 
067 136 
-81 -28 
-40 -27 
023 029 
102 093 
124 -148 
-93 -146 
041 083 
-74 -133 
-42 085 
099 024 
062 142 
-21 144 
-13 -32 
020 -84 
-82 -132 
-10 -27 
055 102 
055 -127 
096 -89 
113 080 
131 097 
043 -16 
-26 150 
-04 -91 
-114 037 
087 027 
050 -84 
-24 -70 
110 -70 
-19 045 
041 096 
-121 034 
-80 035 
025 088 
-94 -129 
085 -127 
-144 050 
-03 -11 
057 040 
024 -137 
-133 145 
015 043 
-59 -135 
-13 -19 
133 035 
078 099 
059 -143 
-29 -27 
-115 -67 
138 150 
119 -129 
036 102 
055 115 
-80 -73 
038 148 
112 097 
029 099 
-138 -78 
-59 -14 
082 -75 
-03 002 
-17 104 
079 041 
-103 064 
-37 -134 
142 -132 
-82 123 
-117 102 
141 -128 
-131 -62 
-112 -49 
130 -21 
075 043 
-113 -08 
061 -121 
-22 110 
126 008 
115 115 
063 -75 
-37 -13 
-87 -100 
-34 -08 
095 -123 
130 -129 
116 -64 
033 -62 
148 -112 
-69 -110 
-111 -107 
-57 129 
077 129 
130 -08 
083 -120 
019 124 
-55 -54 
-124 075 
-23 -102 
-32 078 
128 067 
-34 005 
-134 067 
-150 059 
-118 011 
047 078 
019 016 
-88 -110 
005 081 
113 -120 
013 -58 
032 -45 
-78 083 
016 -53 
090 -104 
150 -53 
-120 086 
021 062 
-148 024 
-21 065 
-54 -112 
072 027 
144 132 
-104 067 
-44 081 
042 121 
009 -56 
-74 -91 
-83 126 
137 129 
049 016 
-84 -99 
-48 083 
067 070 
053 135 
-21 -43 
-123 -91 
041 017 
-28 -83 
118 -29 
-111 148 
-144 -29 
090 -91 
-53 089 
-35 -86 
037 019 
-96 -96 
102 148 
014 035 
008 -39 
-102 089 
027 -26 
132 027 
025 -99 
-61 -139 
-70 041 
-103 -136 
117 133 
-81 148 
122 -18 
-26 -145 
-35 035 
059 -101 
078 -88 
-65 092 
-24 -136 
036 -85 
110 -136 
145 087 
-144 -16 
-17 025 
-72 089 
038 -39 
122 103 
015 -23 
-147 -85 
-128 -72 
-96 146 
-126 -26 
-52 -77 
-121 089 
-102 102 
013 089 
118 105 
-138 -144 
015 098 
-04 -144 
-119 -131 
-40 -67 
-128 049 
059 -88 
-29 028 
119 -74 
069 105 
110 -123 
-107 108 
-06 -69 
025 035 
066 036 
033 -141 
043 052 
-31 -126 
-133 092 
001 055 
-87 -58 
147 -120 
078 046 
-10 -67 
-24 -01 
036 049 
-131 -128 
110 -02 
110 -01 
-58 -138 
099 105 
-22 044 
107 -71 
140 -123 
024 -69 
-105 046 
001 -53 
-101 -64 
040 -125 
-10 054 
-62 -136 
091 106 
-25 -69 
116 -130 
061 -66 
-149 124 
-22 -64 
-83 -74 
-64 -61 
-45 -48 
-34 047 
128 -120 
-87 -45 
-15 060 
-134 109 
-98 062 
077 063 
-104 -12 
130 -74 
116 -09 
-80 116 
028 -122 
047 -109 
-92 -01 
049 -63 
040 -112 
067 -09 
-62 -123 
125 -68 
-112 019 
075 111 
-63 -119 
061 -53 
-113 060 
088 050 
-41 -101 
093 128 
-09 117 
150 -119 
026 074 
003 127 
056 -47 
042 055 
047 133 
129 -57 
-143 009 
-69 -42 
-124 022 
123 -101 
040 130 
-67 004 
007 -47 
012 068 
-35 -44 
-104 122 
130 060 
028 012 
041 -49 
005 028 
065 079 
049 071 
067 125 
134 -114 
-01 025 
-58 130 
102 082 
-79 007 
-77 -149 
-141 095 
-28 -28 
-97 138 
-116 -141 
051 036 
-56 -90 
-111 -26 
-53 144 
-01 146 
039 147 
050 013 
-60 141 
-93 -36 
055 -138 
-102 -85 
118 147 
-135 -33 
071 072 
145 021 
090 085 
-17 -41 
048 088 
-40 -25 
-35 090 
111 144 
-68 -87 
-82 -22 
097 -20 
083 082 
-65 -82 
-79 020 
-116 101 
-116 -128 
-89 -25 
-144 039 
-72 144 
057 029 
076 042 
090 -23 
-100 082 
048 -20 
-65 039 
-79 141 
-98 -138 
099 147 
025 -31 
-70 109 
131 099 
131 -130 
-04 -89 
-87 -124 
073 -135 
023 044 
064 045 
-129 -84 
-29 -146 
-71 -143 
-126 -79 
075 -89 
094 -76 
066 091 
057 042 
-110 -135 
076 055 
117 093 
087 -79 
018 050 
-65 052 
085 -04 
131 112 
-83 -140 
-86 114 
-64 -127 
-04 -76 
045 045 
105 096 
-117 -17 
064 058 
-38 047 
-52 112 
-85 -65 
-103 066 
046 -134 
065 -121 
-04 045 
-18 110 
-32 -54 
018 063 
058 105 
-57 -111 
-112 -47 
070 -70 
089 -57 
061 110 
042 -132 
-50 050 
-09 051 
-45 128 
-64 -114 
128 056 
073 120 
-120 -46 
-34 -06 
-29 109 
-21 -67 
149 115 
056 -113 
130 -127 
033 -60 
074 -59 
-88 -121 
-143 -57 
079 056 
-23 008 
051 -43 
035 -51 
-34 115 
-15 128 
-01 067 
-02 067 
072 016 
125 -121 
070 -57 
130 -06 
019 126 
-88 000 
-55 -52 
-143 064 
-83 115 
-78 -36 
-67 059 
007 008 
-21 -54 
053 -105 
089 077 
037 -113 
088 118 
129 -110 
005 083 
-102 -43 
104 062 
-84 011 
021 064 
095 013 
-12 -113 
141 129 
-132 -30 
028 -41 
129 011 
-88 013 
-83 128 
-42 -100 
016 070 
-144 -148 
117 -107 
-67 072 
-100 -105 
053 137 
-35 024 
037 -100 
023 -35 
129 132 
069 -148 
110 -147 
146 072 
-47 -94 
113 -105 
013 -43 
044 024 
057 -37 
076 -24 
062 078 
-31 -150 
103 -150 
120 019 
020 081 
006 -83 
-63 083 
102 150 
064 -142 
-102 091 
013 078 
025 -97 
-72 -30 
-53 -17 
-07 099 
120 140 
015 -142 
-54 024 
-142 -89 
-101 -88 
111 091 
105 017 
-38 -32 
-19 -19 
-107 097 
-88 147 
008 -145 
132 150 
044 037 
011 089 
140 -26 
002 040 
131 -75 
-105 -86 
120 032 
-147 -83 
006 -70 
-115 -131 
110 -13 
-121 091 
-47 040 
008 -24 
-135 -73 
066 -83 
140 -134 
011 -19 
038 -145 
076 110 
-103 -121 
098 -131 
-100 150 
045 -21 
119 -72 
-62 -147 
-24 108 
-117 -83 
-98 -70 
-66 -118 
-80 -16 
-135 048 
-94 049 
011 102 
-22 -75 
-103 000 
142 033 
087 097 
-73 -121 
106 110 
128 -131 
147 -118 
012 -77 
017 038 
094 -08 
-113 -72 
079 -131 
-64 049 
065 -66 
-45 062 
-31 -03 
101 -113 
-128 064 
091 108 
058 -69 
-85 111 
-85 -118 
135 -115 
-94 062 
-146 -128 
033 -126 
-55 -10 
-22 -62 
-124 -110 
-119 005 
101 008 
001 070 
054 -67 
-34 049 
040 -02 
-134 -118 
067 -128 
-02 001 
-98 064 
-131 116 
089 119 
-104 -10 
-30 -61 
-140 067 
028 -120 
-27 -56 
047 -107 
005 -104 
-111 -50 
-37 -64 
128 003 
-62 108 
026 -45 
-136 -107 
-76 -56 
-90 009 
-57 -43 
-113 062 
-146 -115 
146 -07 
-09 119 
065 068 
-42 -58 
-97 006 
-139 009 
-120 022 
134 -125 
-136 014 
-21 001 
-02 014 
-16 -150 
-41 022 
129 -55 
-75 -114 
-78 140 
049 -48 
090 -47 
-106 078 
-139 -99 
114 081 
067 006 
053 071 
-16 -29 
-46 065 
088 065 
-14 017 
-28 -147 
-56 020 
-84 -42 
062 012 
007 076 
067 127 
-136 027 
039 028 
-142 -47 
-49 -85 
037 -45 
083 071 
028 135 
-60 022 
-33 125 
000 073 
146 127 
132 -37 
030 -85 
145 -98 
090 -34 
-72 -96 
-53 -83 
-07 033 
-21 135 
034 071 
-35 -29 
037 076 
-63 138 
-49 036 
004 -101 
-82 -141 
064 -87 
-79 -99 
129 079 
-33 017 
-70 -131 
-12 076 
-59 -36 
020 028 
-35 092 
133 -95 
069 149 
-05 -29 
-93 087 
085 -136 
126 -135 
117 082 
024 -146 
-31 -82 
-128 -15 
059 077 
-82 101 
110 042 
-08 023 
085 -15 
038 -90 
122 052 
-45 -125 
-114 041 
-128 -123 
-43 -79 
-10 -131 
036 -15 
-52 101 
094 -74 
-06 -12 
-113 -138 
066 093 
-08 -85 
-94 -125 
-17 095 
-103 055 
-04 034 
101 050 
142 088 
-128 -02 
133 039 
105 -23 
077 -122 
121 -79 
-149 060 
-22 101 
019 -127 
-105 103 
-64 -125 
082 -71 
087 044 
-148 -119 
072 -116 
-39 053 
088 -135 
126 120 
043 122 
-138 047 
-119 060 
-59 111 
142 101 
-32 -52 
141 -124 
017 106 
072 005 
077 120 
125 -132 
-112 -45 
126 012 
046 -11 
-09 053 
137 -122 
-134 058 
114 -106 
040 -55 
144 002 
-145 -101 
-27 120 
-146 -60 
000 -06 
-143 -55 
-83 -04 
-124 -42 
-18 125 
049 -114 
-139 064 
-120 077 
-01 069 
058 120 
042 112 
-146 061 
102 -103 
-33 -62 
093 077 
-124 079 
104 -57 
109 058 
-20 136 
-148 136 
026 023 
012 125 
053 -103 
-46 120 
148 134 
129 -108 
-47 -105 
-42 010 
-56 075 
123 077 
071 -113 
-84 013 
-120 090 
-81 018 
122 -148 
053 018 
-90 -31 
056 023 
050 -51 
129 013 
-41 090 
074 077 
148 026 
127 -97 
060 -87 
-28 029 
032 080 
118 083 
-72 -41 
-53 -28 
103 -40 
-82 -86 
-77 029 
055 -81 
-14 085 
060 034 
-102 -28 
113 -103 
145 078 
057 -35 
131 -86 
-72 -149 
007 144 
-73 -145 
-54 -95 
-123 034 
004 075 
-137 -130 
-52 -86 
-102 093 
025 134 
099 083 
027 -22 
-75 -33 
-144 096 
-122 -145 
098 -142 
002 -79 
-31 -27 
043 -78 
134 077 
-128 040 
092 080 
-49 104 
064 -19 
050 083 
-33 085 
096 -30 
022 -16 
071 142 
011 -138 
052 -137 
-105 -84 
-133 083 
-147 -81 
119 038 
-98 040 
-122 -132 
-91 -65 
-50 -27 
024 -78 
076 112 
-04 -140 
147 -08 
133 094 
040 -134 
-101 -73 
-115 -08 
100 -83 
-24 110 
-43 -132 
-107 112 
135 -126 
-127 -126 
126 054 
093 -123 
-91 056 
082 -16 
-92 097 
-147 -68 
-101 048 
-62 -24 
-112 118 
-140 056 
-06 056 
121 097 
-58 -134 
-27 -67 
121 -132 
107 -67 
079 100 
112 048 
098 113 
010 000 
-138 -127 
101 118 
-32 003 
003 -03 
094 115 
135 -113 
-39 000 
033 105 
-146 -126 
052 118 
033 -124 
024 056 
-83 -70 
045 115 
-131 118 
-104 -08 
-44 006 
-132 -107 
121 110 
-27 -54 
-127 008 
047 -105 
107 -54 
019 062 
033 -03 
005 -102 
-64 064 
063 105 
137 054 
-37 -62 
-106 067 
068 -46 
-43 123 
-21 -118 
144 -51 
-85 126 
075 115 
130 051 
088 054 
-41 -97 
-55 005 
-69 070 
-42 -56 
109 113 
095 -51 
086 129 
-136 016 
-76 067 
-90 132 
-16 081 
-44 019 
102 073 
028 -105 
-41 024 
-14 -102 
-69 -38 
113 -61 
-130 -48 
150 006 
-07 022 
-148 083 
020 -104 
125 -51 
111 014 
-96 -50 
023 -99 
116 129 
097 -150 
-146 129 
129 068 
-69 083 
013 122 
016 127 
016 -102 
-100 -48 
-26 -99 
-81 -35 
-40 -34 
-95 030 
120 -45 
134 -110 
-49 -83 
-137 033 
-118 083 
069 138 
-79 011 
102 086 
-121 014 
008 -101 
025 068 
-116 092 
132 -35 
-42 078 
-144 030 
090 -32 
035 032 
-40 -142 
087 -101 
020 -91 
-123 089 
-63 140 
023 143 
078 -150 
064 -85 
050 017 
-05 081 
055 095 
-88 083 
027 033 
-121 -94 
-80 -93 
-06 -144 
011 025 
-89 087 
145 025 
-12 078 
-04 -98 
-35 094 
073 -144 
-96 084 
138 022 
-77 097 
-79 024 
143 100 
-33 140 
055 -13 
127 092 
-74 102 
008 -88 
025 081 
118 043 
-50 -93 
-86 -16 
-59 087 
103 -80 
115 -26 
-133 -91 
-128 -13 
001 -128 
-101 -139 
124 -21 
-38 -83 
-06 098 
-06 -131 
-94 -15 
066 -26 
-31 041 
087 033 
-15 -15 
045 036 
-66 -61 
-08 146 
-113 -136 
085 108 
052 -69 
084 149 
010 -66 
142 -139 
054 -23 
100 093 
-29 -21 
-24 057 
058 -133 
130 -28 
-11 -04 
-85 047 
061 -128 
066 -13 
-149 062 
065 -09 
-138 -72 
-119 -59 
137 -133 
082 -69 
-87 122 
114 -117 
-29 100 
-115 060 
130 093 
-85 -61 
-113 -123 
-55 047 
-110 111 
024 111 
098 060 
-124 -53 
-37 101 
082 052 
142 103 
001 127 
049 -125 
128 -61 
114 004 
141 -122 
-01 058 
-57 122 
075 049 
-25 111 
149 -02 
-99 -104 
107 001 
052 065 
000 -125 
051 069 
123 -55 
-51 058 
114 125 
034 -127 
-63 -60 
-99 017 
-146 -58 
129 -119 
074 -55 
032 -52 
063 052 
-78 076 
082 065 
150 -60 
-34 119 
-12 -122 
026 133 
-148 017 
-90 -42 
111 -52 
-118 125 
-60 066 
014 015 
060 -98 
032 069 
137 122 
051 082 
114 138 
-100 -114 
-150 065 
-109 066 
053 -101 
020 -49 
-16 028 
111 069 
-123 -98 
-30 130 
143 021 
014 -93 
129 -106 
-141 033 
046 125 
113 -114 
032 -39 
117 005 
-53 -147 
-100 007 
029 -108 
134 -55 
122 -146 
-07 -31 
-118 138 
-65 -36 
-132 -26 
-60 079 
143 -87 
000 130 
041 131 
-19 -149 
-88 017 
-102 082 
132 020 
136 139 
117 -103 
-46 135 
124 021 
069 085 
-132 095 
-135 026 
099 -36 
030 093 
145 080 
090 144 
-144 -23 
112 -97 
002 031 
-81 033 
006 -79 
004 077 
097 039 
-126 -33 
-107 -20 
113 020 
099 085 
-08 -41 
-31 -25 
134 079 
-40 -74 
-142 144 
018 096 
004 -31 
124 034 
-05 149 
017 -92 
-52 037 
022 -14 
-80 -25 
-08 -149 
145 093 
084 083 
122 109 
015 -17 
-40 047 
-92 -143 
-147 -79 
119 040 
-115 -127 
086 -137 
017 029 
036 042 
-19 106 
-11 -70 
-80 096 
-06 045 
025 149 
-22 037 
-122 099 
126 -65 
052 -14 
057 101 
079 -140 
-04 -138 
-87 056 
059 147 
105 034 
-01 -129 
008 101 
121 -22 
052 107 
126 056 
033 -135 
024 045 
043 058 
082 -14 
149 -68 
-127 -03 
-122 112 
005 -113 
-09 -11 
-50 -12 
137 043 
-97 -124 
-78 -111 
-87 069 
040 110 
114 059 
128 -06 
100 -68 
-66 128 
094 117 
-146 -124 
005 008 
-50 109 
-124 -106 
137 -65 
051 -105 
-51 113 
-67 -124 
067 105 
-48 -111 
-115 128 
026 067 
-01 005 
072 -46 
-27 -52 
148 -51 
005 -100 
-97 118 
-23 067 
137 056 
065 -49 
-125 056 
068 -44 
-120 134 
-148 072 
012 061 
020 -115 
-11 077 
-44 -100 
-46 056 
-58 002 
135 131 
047 018 
083 -59 
-14 008 
032 124 
-97 010 
-51 126 
109 115 
-48 131 
-07 -97 
-21 005 
053 -46 
139 -43 
-35 070 
092 -118 
042 061 
138 -01 
028 126 
102 075 
-132 -92 
-146 010 
146 118 
-102 016 
132 -46 
063 120 
-120 147 
007 -41 
-26 011 
053 075 
039 140 
006 -37 
111 016 
023 -97 
028 018 
124 -45 
-102 137 
-61 -91 
071 065 
016 129 
016 -100 
-84 -38 
-72 016 
076 -86 
117 -48 
062 016 
048 081 
-12 067 
-70 -140 
-81 -33 
039 032 
-16 096 
110 -88 
055 -24 
-121 016 
104 134 
085 -145 
030 -81 
131 -29 
-53 150 
-31 -91 
103 -91 
-13 -37 
-142 078 
006 -24 
111 029 
023 145 
097 094 
-137 -73 
-63 142 
-05 083 
014 096 
-38 -94 
036 -145 
055 -132 
-33 021 
-80 -91 
-06 -142 
025 -38 
-75 024 
066 -37 
016 142 
090 091 
131 092 
059 -40 
105 076 
-65 -76 
017 -37 
-38 027 
108 081 
055 -11 
-74 104 
075 -96 
-94 -134 
052 -80 
001 -126 
-98 097 
031 -18 
077 -131 
-121 150 
121 -88 
-08 027 
079 -85 
-105 094 
-86 107 
-04 -83 
082 -80 
-128 110 
-106 -131 
045 038 
-52 105 
022 054 
-66 -59 
-94 108 
085 110 
-22 -16 
-122 046 
-59 102 
054 -21 
-87 003 
-15 108 
100 095 
-15 -121 
017 097 
-131 -67 
-71 -16 
089 -64 
-66 062 
-118 -128 
-50 043 
-09 044 
-83 -134 
-45 121 
-23 -120 
-78 -56 
109 036 
-20 -115 
-120 -53 
040 -64 
095 -128 
-76 -10 
-94 121 
-51 -61 
-48 -56 
026 -107 
058 111 
-85 062 
061 116 
-46 -10 
028 -61 
-141 130 
-22 118 
-14 -58 
-42 -120 
063 -67 
-51 060 
109 049 
-87 137 
-139 -53 
021 -64 
062 -63 
-58 057 
074 -53 
-110 126 
-55 062 
-130 -112 
-139 068 
081 071 
134 -66 
-148 019 
-07 -42 
053 009 
-76 124 
-35 -104 
-146 065 
-93 -109 
-141 143 
005 -32 
-42 122 
025 -117 
137 124 
035 076 
-20 140 
-67 065 
134 055 
-54 004 
-35 017 
-123 -96 
-118 019 
055 -90 
099 -47 
-56 079 
071 -109 
029 -106 
-81 022 
006 -90 
-49 -26 
102 143 
124 -98 
014 030 
-47 020 
030 -26 
002 141 
043 -87 
076 -139 
048 028 
-133 -47 
-07 092 
-40 -85 
-68 082 
-101 -95 
-77 033 
-132 097 
124 023 
-05 138 
138 -42 
-80 -36 
011 -147 
-72 084 
057 -31 
-86 149 
-53 097 
-12 135 
-86 -80 
122 098 
073 -87 
147 -138 
-115 -138 
045 -149 
-10 -85 
105 -98 
036 031 
-71 -95 
055 044 
108 -93 
-61 098 
-135 -80 
030 -13 
-103 101 
-133 -34 
-04 -149 
147 -17 
050 087 
077 -76 
-140 -74 
-66 -125 
121 -33 
-149 106 
057 -18 
084 085 
-119 -15 
-133 087 
010 -130 
-92 -141 
128 -138 
004 092 
045 093 
-115 -125 
-64 042 
063 -146 
059 149 
-43 101 
-02 -127 
130 029 
-66 117 
-39 -09 
135 -122 
-149 119 
126 058 
010 112 
-09 -130 
051 -116 
119 055 
-62 -20 
086 -122 
003 109 
-64 055 
137 045 
-45 068 
101 122 
-37 -71 
049 -68 
114 061 
-34 -66 
-71 052 
-30 053 
116 107 
-118 -60 
-44 -111 
116 -122 
028 -06 
135 120 
-58 -09 
148 059 
000 -68 
-143 -117 
-42 -65 
063 -12 
-139 002 
114 -47 
-67 -122 
026 069 
-115 130 
-150 -120 
-109 -119 
-118 061 
056 -52 
028 115 
074 002 
-55 117 
146 107 
-28 -46 
090 -54 
122 -102 
026 -39 
-145 079 
-44 131 
000 -55 
041 -54 
-14 010 
-121 -116 
-97 012 
118 -100 
049 066 
150 -111 
-67 120 
076 -97 
007 069 
-26 -108 
-109 123 
070 125 
-77 075 
-65 -100 
-141 090 
060 080 
-123 080 
-49 029 
-123 -149 
-77 -33 
-19 -92 
104 015 
035 144 
-72 018 
002 -33 
076 -84 
-26 134 
092 126 
-142 -41 
006 -143 
023 026 
-129 -102 
-19 029 
-14 144 
-52 -148 
113 -44 
-75 134 
117 075 
084 -102 
029 -38 
103 -89 
-114 142 
048 -25 
-65 034 
-79 136 
-107 037 
027 037 
099 142 
-06 -140 
025 -36 
084 019 
029 083 
001 -16 
106 037 
064 040 
-24 -73 
036 -22 
-52 094 
022 043 
008 145 
-52 -135 
-06 -19 
-135 096 
011 150 
038 024 
002 101 
-105 -25 
115 -22 
001 105 
-92 -86 
128 -83 
059 083 
031 -16 
-71 -27 
-112 -65 
077 -129 
-25 089 
-80 -76 
-113 -24 
-08 029 
-110 -19 
098 -70 
-04 148 
-45 -119 
-13 099 
114 -126 
-10 104 
017 -22 
-104 -83 
-71 -135 
-85 -70 
-30 -134 
-15 -119 
072 -02 
-71 -14 
149 -11 
102 -123 
047 -59 
-39 -62 
-27 -08 
-55 -70 
-141 -110 
005 -56 
046 -18 
-64 110 
-45 123 
-37 -16 
-78 -54 
114 116 
-120 -51 
-15 002 
141 -10 
-148 -113 
-57 005 
-30 108 
-58 046 
-39 059 
-41 -51 
-55 051 
126 126 
-138 053 
137 -08 
-130 -123 
049 -121 
-150 -65 
072 011 
-35 -115 
070 -62 
-27 005 
033 056 
000 -121 
-141 -97 
041 -120 
-143 059 
005 -43 
-106 126 
035 065 
109 051 
136 -112 
081 -48 
067 054 
141 003 
-76 005 
037 -118 
-63 -56 
-118 008 
097 -104 
-44 -43 
088 113 
014 -102 
-88 116 
-102 -48 
016 -56 
035 -43 
021 059 
-139 070 
081 073 
034 -02 
125 116 
-16 140 
111 -48 
-44 078 
-99 142 
124 -109 
014 019 
000 121 
-33 -56 
-143 072 
113 -02 
132 011 
-23 137 
-116 -91 
-70 025 
136 130 
-26 068 
-100 -110 
034 -110 
072 145 
004 -53 
-137 -29 
-63 -43 
-77 022 
097 -91 
028 075 
143 025 
148 140 
-14 078 
027 -150 
099 -45 
-116 030 
-56 081 
-149 -147 
090 135 
-105 -104 
122 -142 
139 027 
-54 -102 
-95 -140 
106 -150 
-137 -137 
-05 019 
-74 148 
-19 -145 
022 -144 
044 140 
118 089 
085 -88 
-72 -35 
098 -149 
002 -86 
029 017 
-81 145 
-68 084 
111 086 
059 -104 
-137 -16 
055 -75 
-47 143 
-75 081 
-130 145 
071 135 
145 084 
052 -144 
131 149 
057 -29 
103 087 
122 100 
-04 -39 
-95 102 
106 092 
138 081 
-129 -34 
110 -18 
008 -29 
149 -90 
-06 036 
085 -75 
052 -23 
-103 -126 
-128 046 
-13 033 
073 036 
-68 097 
-25 -85 
-80 -21 
121 -31 
-08 084 
140 -18 
085 046 
071 148 
038 -29 
-36 -15 
-31 100 
-09 -141 
-18 039 
-92 -139 
087 092 
-73 -126 
128 -136 
114 -71 
119 044 
-62 -31 
-24 -05 
003 098 
070 -141 
-08 -24 
047 -125 
-138 095 
-138 -134 
-78 -120 
147 -01 
026 -63 
086 -12 
-02 -125 
-104 -136 
075 095 
135 109 
061 -69 
-146 -133 
107 047 
010 114 
-64 -64 
063 -23 
051 -114 
-78 001 
-51 -125 
-32 -112 
095 -71 
-02 -04 
-58 101 
-146 -12 
019 055 
-36 119 
-143 -07 
-69 -58 
098 119 
137 047 
128 -01 
128 -02 
114 063 
026 -50 
-148 063 
-01 -112 
-11 068 
075 108 
-44 -109 
042 -69 
028 -04 
102 -55 
-127 122 
107 060 
093 125 
074 -117 
068 068 
-32 130 
128 119 
-21 -04 
-131 124 
072 -42 
-01 009 
-02 009 
056 -50 
069 -111 
148 -47 
146 -120 
046 -58 
-83 057 
104 112 
-78 135 
-20 076 
-72 -114 
-53 -101 
-12 -63 
048 -49 
-35 -47 
039 -98 
-49 018 
-30 068 
-146 122 
069 010 
-79 -117 
014 074 
-41 138 
-42 -50 
-56 015 
-111 079 
-12 058 
034 -55 
-136 022 
083 066 
-60 017 
-14 133 
062 128 
-100 066 
103 -100 
048 -36 
134 004 
122 -87 
-54 -47 
-123 082 
097 085 
-137 -82 
050 010 
113 066 
-116 -23 
140 -97 
044 -34 
-89 -149 
038 -108 
-72 020 
062 020 
-26 136 
122 034 
-114 023 
006 -141 
-82 -25 
-96 077 
-65 -85 
-24 -84 
127 085 
-47 -31 
025 074 
-144 036 
-70 -15 
062 141 
103 142 
029 -36 
045 -92 
064 -79 
-65 036 
-05 087 
-24 037 
-38 -90 
-80 -87 
-135 -23 
-06 -138 
085 -20 
-22 -146 
-122 -84 
038 -95 
-86 098 
015 150 
-45 -130 
-59 -28 
-114 036 
-147 088 
100 -35 
119 -22 
124 093 
-24 -71 
-52 -133 
127 098 
-25 -30 
066 088 
140 037 
-31 -74 
001 -122 
-34 -143 
078 098 
031 -14 
091 037 
130 -35 
094 042 
042 -148 
-58 -86 
-39 -73 
019 -132 
-105 098 
115 101 
-64 -130 
-18 -14 
087 039 
054 -138 
-120 -62 
-15 -09 
114 -124 
-62 -84 
-52 109 
-104 -81 
075 -79 
-99 -03 
-140 -04 
116 -78 
148 -126 
-110 104 
137 -19 
095 -16 
007 -129 
-134 -68 
-76 -127 
-99 118 
-118 -124 
061 107 
080 120 
-39 -60 
052 058 
019 110 
-55 -68 
060 -118 
046 -16 
010 061 
051 062 
-34 -09 
-81 -121 
-145 123 
070 048 
130 099 
037 -129 
-11 123 
-118 -03 
042 -14 
-39 061 
-27 115 
-60 -62 
005 067 
-143 -60 
-28 -110 
132 -121 
-23 005 
049 110 
082 058 
-139 059 
-12 -129 
-67 -65 
-07 -51 
067 -65 
-02 064 
-104 053 
070 -60 
-118 -111 
102 -108 
-127 069 
-69 010 
032 062 
-111 013 
114 131 
136 -110 
-100 -121 
-142 -118 
111 062 
-77 011 
-132 075 
-44 -41 
148 129 
005 080 
123 072 
090 -105 
035 -41 
-120 085 
081 075 
-81 013 
020 065 
-123 016 
-05 008 
014 021 
000 123 
027 -40 
090 016 
076 081 
150 067 
136 132 
-53 -33 
-100 121 
-26 070 
134 059 
139 -92 
-123 -92 
097 -89 
055 -86 
-107 -148 
027 081 
-116 032 
-111 147 
071 124 
090 137 
-70 148 
030 086 
-149 -145 
-84 021 
-12 126 
062 075 
048 140 
-54 129 
006 143 
006 -86 
-96 132 
-77 145 
-121 075 
127 -89 
-47 024 
066 -99 
-144 091 
030 -22 
002 145 
098 -147 
122 -19 
-73 -29 
087 -40 
-142 137 
-68 086 
064 -24 
-43 -150 
069 091 
-98 -86 
091 -150 
-47 145 
113 134 
-108 135 
084 076 
103 089 
010 -139 
142 017 
-87 -72 
078 032 
105 135 
086 -144 
124 148 
-140 038 
-107 -14 
-22 030 
-105 032 
098 -134 
015 097 
-37 -93 
-13 035 
-15 -75 
-115 -13 
-10 040 
-65 104 
119 -75 
-112 -08 
-94 046 
121 -29 
052 100 
-45 -62 
128 -134 
114 -69 
-29 148 
-117 035 
086 -131 
-131 -129 
077 049 
-104 -26 
130 -88 
-85 -13 
-39 -126 
052 -08 
-103 118 
-110 -70 
-36 -121 
046 -82 
054 038 
-34 -75 
141 -74 
-43 105 
012 041 
-112 005 
058 -72 
-104 -134 
-44 -120 
135 -118 
-146 -131 
126 062 
074 -128 
-50 102 
-09 -126 
109 -134 
-106 -59 
021 -18 
-150 100 
-131 113 
144 052 
-145 -51 
111 -125 
-118 052 
-99 065 
080 067 
-146 -10 
-127 003 
088 -72 
-141 068 
093 006 
-69 -56 
109 -13 
150 -12 
-139 -115 
-48 003 
-62 105 
089 008 
056 060 
009 -15 
-58 -05 
044 -58 
-120 019 
026 073 
-21 -01 
-90 -102 
-49 -101 
056 -48 
009 -123 
047 132 
005 135 
-97 124 
118 012 
051 022 
062 -112 
-21 119 
-54 -58 
-109 006 
039 -96 
-16 -32 
004 -117 
116 124 
083 -53 
129 063 
-14 014 
013 117 
-102 -99 
104 006 
-144 -96 
-70 -147 
-72 009 
-84 -45 
-48 137 
-54 063 
120 -50 
139 -37 
133 -111 
097 -34 
028 132 
050 -109 
060 084 
008 -106 
118 025 
-139 140 
-81 081 
-95 146 
-114 -96 
106 -93 
-49 033 
097 087 
-10 -39 
105 -52 
110 026 
108 -47 
-75 017 
-130 081 
071 071 
-12 073 
076 -80 
122 036 
-13 077 
106 028 
-109 140 
-68 -88 
119 -33 
-77 092 
-129 -98 
138 017 
069 146 
-24 -82 
-38 020 
-121 022 
094 -90 
-116 100 
-149 -77 
-17 079 
-105 -34 
-86 -21 
015 031 
-40 095 
020 146 
133 023 
004 138 
-101 -144 
017 077 
022 -74 
099 146 
-89 095 
126 -17 
-03 098 
-103 -69 
-64 -141 
106 041 
006 103 
-82 -10 
108 087 
126 -125 
084 144 
-138 031 
-64 -20 
-133 146 
-87 -04 
-62 026 
089 -71 
075 031 
-66 055 
080 -120 
112 098 
-138 -77 
-45 114 
-23 -127 
137 -138 
-120 -60 
012 096 
-117 -18 
-76 -17 
-52 111 
121 039 
098 055 
068 -117 
109 -79 
-120 061 
-43 052 
-02 053 
-131 -61 
-85 055 
075 044 
-25 106 
-11 004 
116 045 
-27 -04 
019 112 
046 -14 
005 -52 
-64 114 
137 104 
137 -125 
-32 066 
-134 055 
081 -57 
136 -121 
031 122 
072 123 
125 -14 
130 101 
-113 114 
132 -119 
-23 007 
090 -116 
-01 066 
-16 -98 
-30 004 
-46 -04 
102 -106 
129 -03 
-141 136 
093 074 
-83 114 
013 051 
-130 002 
016 056 
136 -108 
-21 -55 
120 -116 
072 136 
037 115 
056 128 
-63 -52 
078 -113 
-132 077 
-46 117 
069 067 
014 -98 
096 -59 
-88 120 
-14 069 
-97 071 
-26 -49 
134 -60 
120 005 
139 018 
039 080 
097 021 
083 123 
-10 -105 
143 -92 
127 -100 
-75 -49 
071 005 
002 134 
136 134 
-53 -31 
062 -44 
-81 136 
122 -30 
-114 -41 
-54 010 
-35 023 
111 077 
059 -113 
138 -49 
-65 -149 
-24 -148 
129 131 
-33 069 
127 021 
-47 134 
-121 -44 
025 010 
-108 -105 
-70 150 
-103 -27 
-142 018 
078 021 
138 072 
105 -105 
-24 -27 
-93 139 
041 139 
-06 027 
025 131 
099 080 
-135 -87 
085 -84 
-144 093 
-17 -95 
-59 137 
-40 150 
015 -143 
-114 -28 
018 091 
147 -24 
-82 -76 
100 -99 
-29 016 
091 081 
-05 144 
-24 -135 
-126 083 
-52 032 
008 083 
135 -142 
080 -78 
140 -27 
145 088 
-40 042 
087 083 
-128 -71 
147 097 
073 -81 
-87 -70 
119 035 
-115 -132 
-129 -30 
-38 088 
108 142 
075 -35 
094 -22 
-06 040 
-80 091 
-22 032 
126 -70 
057 096 
065 -80 
-04 086 
147 -11 
040 -137 
-15 -73 
-115 -11 
086 -21 
-43 -135 
003 -19 
-25 148 
116 -142 
135 -129 
098 -11 
-64 -73 
054 148 
128 -132 
-101 045 
-134 097 
-134 -132 
119 048 
-131 102 
077 051 
-104 -24 
070 -137 
-80 104 
135 -08 
140 107 
-127 -08 
-122 107 
019 046 
082 102 
101 115 
128 -11 
-134 -11 
-62 094 
-43 107 
086 -08 
-131 -06 
-30 046 
088 038 
047 000 
-146 -129 
-124 118 
005 003 
-09 -124 
-97 -08 
-92 107 
-18 056 
035 -118 
095 -67 
081 -02 
026 062 
053 -64 
-112 128 
-63 -10 
-132 -110 
-141 070 
146 -129 
-83 048 
032 -01 
-111 -51 
095 054 
020 -120 
-16 -43 
-27 064 
088 051 
-60 -113 
-141 -38 
-143 118 
104 -05 
150 111 
-139 008 
-48 126 
-100 -64 
067 113 
120 -61 
-109 116 
-123 -48 
138 -07 
-65 -107 
060 073 
005 137 
146 113 
013 -01 
032 011 
095 067 
-12 -59 
-100 057 
053 070 
-02 134 
111 011 
-96 -53 
138 -115 
-46 064 
069 014 
096 -112 
041 -48 
-14 016 
113 057 
027 017 
-47 068 
032 132 
127 -45 
104 008 
090 073 
-144 -94 
-72 011 
-26 -102 
020 014 
018 -96 
006 -150 
059 -58 
069 135 
-79 008 
-38 009 
143 084 
096 009 
145 130 
112 -47 
-70 -24 
-72 -97 
-86 -32 
115 -42 
-81 083 
103 -96 
-95 148 
120 073 
139 086 
006 -29 
-49 035 
-82 087 
050 014 
096 130 
-52 -34 
108 -45 
-121 132 
-47 081 
080 -144 
066 -42 
011 022 
030 035 
016 137 
098 -90 
029 076 
-119 -88 
-04 -101 
-133 014 
-13 079 
-98 -29 
-38 022 
-19 035 
-66 -77 
-75 140 
-122 028 
112 -34 
-103 041 
131 -21 
-110 -147 
098 031 
115 -29 
-59 084 
-133 -94 
054 -39 
-87 -15 
128 -90 
077 -136 
008 030 
-113 -31 
140 -80 
107 -28 
-22 -142 
131 100 
-78 -74 
087 030 
147 044 
054 -147 
-29 084 
-62 -93 
-145 -128 
108 089 
075 -88 
-140 -13 
061 -23 
135 -74 
121 028 
038 030 
-59 097 
-92 149 
-18 098 
073 -13 
-134 -77 
-71 -21 
135 047 
121 149 
-27 -15 
-94 -05 
126 -01 
-55 -77 
-36 -64 
-64 103 
-45 116 
082 -72 
-139 -71 
067 034 
141 -17 
-11 114 
056 -125 
130 -139 
116 -74 
-113 103 
-64 -05 
-37 098 
-125 -15 
-120 063 
026 117 
-62 041 
026 -112 
086 -61 
-02 055 
144 -120 
130 -18 
-118 -120 
-99 -107 
-132 -55 
-27 -02 
088 -15 
093 063 
-09 052 
032 053 
-23 -112 
049 -07 
-106 119 
095 109 
021 -69 
095 -120 
-76 -01 
139 -114 
056 -112 
009 042 
083 -09 
088 106 
-69 122 
-47 -119 
063 049 
-37 111 
035 -50 
-136 068 
-07 -47 
139 007 
-54 -122 
-118 122 
-74 -101 
-143 065 
-70 018 
035 071 
095 122 
002 -106 
136 123 
-67 060 
062 -55 
-81 125 
-100 -117 
-48 073 
-114 -52 
125 001 
-79 -58 
-05 -109 
-60 -45 
-33 058 
060 020 
013 -55 
099 -52 
-130 125 
-116 023 
-12 117 
-26 -47 
-40 018 
-54 120 
125 122 
092 -55 
-63 071 
-137 -144 
102 138 
-130 017 
-70 031 
059 -111 
-10 018 
-05 133 
055 147 
108 010 
127 023 
027 085 
-130 138 
-89 139 
090 141 
-103 -25 
057 -36 
-12 130 
122 093 
-04 -46 
120 020 
-95 095 
-73 -146 
-13 -95 
-142 020 
-24 -25 
096 077 
055 039 
041 141 
025 133 
-39 -148 
044 146 
140 -146 
085 -82 
-03 034 
052 -30 
-103 -133 
029 023 
-26 087 
-119 -141 
-73 -25 
064 -20 
-112 -17 
008 085 
-47 149 
027 098 
127 036 
094 -141 
126 040 
038 -36 
-50 080 
-105 -85 
-64 -84 
087 085 
-134 -143 
-24 -12 
091 -25 
077 040 
-11 -73 
135 -19 
-149 -07 
107 -81 
052 -17 
098 099 
-138 088 
-138 -141 
015 101 
142 142 
-73 -12 
-24 109 
077 -68 
089 -14 
149 037 
-99 -65 
-146 -140 
033 091 
-41 -124 
098 -09 
065 043 
142 034 
109 -143 
-20 -65 
-34 037 
-48 -127 
-43 -12 
-112 117 
-90 -124 
042 032 
-99 056 
-25 042 
080 058 
047 -119 
148 -67 
-110 -66 
-83 037 
-09 -14 
137 040 
-48 -06 
-62 096 
-02 110 
-66 125 
-146 102 
102 -62 
047 002 
-55 -09 
-143 107 
-120 010 
026 064 
-76 053 
070 107 
-49 -110 
-46 -68 
074 -03 
146 -127 
-78 128 
-139 118 
040 120 
034 046 
111 000 
-44 126 
102 -49 
143 -48 
-60 -111 
146 -06 
060 -46 
044 -54 
150 113 
-84 -54 
035 -103 
076 -102 
-48 128 
034 -62 
-95 016 
020 003 
-109 -111 
-16 080 
-142 -59 
023 008 
-77 070 
-05 -54 
-121 000 
027 -102 
-42 064 
104 118 
-56 -100 
-12 -57 
139 075 
-54 -54 
106 -102 
006 -40 
009 002 
050 003 
-77 -38 
-41 144 
129 067 
108 -56 
-80 -107 
-12 064 
029 065 
-67 128 
-40 -35 
-68 132 
-128 -148 
-96 070 
-77 083 
055 -27 
008 -102 
-61 027 
-116 091 
044 080 
099 016 
-89 -35 
-03 -32 
-103 030 
117 070 
020 137 
092 013 
078 078 
-115 -88 
064 -86 
105 -48 
091 017 
055 094 
008 019 
-80 -94 
118 150 
066 -40 
140 -91 
057 140 
-105 078 
-119 -86 
087 019 
-128 094 
006 094 
-98 -27 
091 -91 
149 -150 
-06 -24 
-61 040 
011 145 
-94 -137 
-08 -97 
126 -134 
-31 148 
-50 -94 
-31 -81 
-59 086 
087 140 
087 -89 
128 -88 
-101 089 
018 040 
-29 -35 
-76 -147 
036 094 
-140 097 
149 -29 
094 035 
-25 084 
080 -129 
-22 089 
038 140 
-31 040 
-45 105 
063 -96 
082 -83 
-18 -21 
-131 038 
-02 -77 
-30 -139 
-140 -11 
-11 -126 
-113 092 
121 030 
-110 097 
-110 -132 
-37 087 
051 -66 
-101 102 
100 092 
007 -136 
-148 -10 
012 -21 
-24 056 
077 108 
070 -80 
144 -131 
-140 110 
116 036 
-27 -13 
-22 102 
000 -139 
-55 -75 
-69 -10 
146 -85 
067 036 
034 -141 
-145 -113 
047 057 
-60 -69 
-127 -59 
-36 059 
-138 048 
-97 049 
-23 -01 
-109 -69 
125 -131 
-85 059 
-46 -13 
028 -64 
000 -126 
-88 -10 
-42 -123 
137 108 
-97 -59 
123 -56 
035 060 
150 047 
-53 -53 
136 -117 
-136 -51 
072 127 
-109 052 
-90 065 
-145 129 
-123 -112 
-63 -61 
138 -71 
-46 108 
146 049 
029 -122 
034 -07 
139 009 
-01 070 
083 114 
-132 -40 
069 -50 
-60 065 
-41 078 
041 117 
-33 -61 
-88 003 
-42 119 
118 071 
-56 -45 
016 060 
007 011 
134 052 
-81 127 
-35 014 
006 015 
-142 -112 
-137 -34 
-79 -56 
-130 127 
145 066 
112 -111 
-84 014 
131 -98 
-70 -88 
062 068 
-26 -45 
-81 019 
139 022 
039 084 
-35 135 
133 -52 
-77 138 
-10 -101 
069 -37 
096 066 
-74 143 
-19 -150 
-52 -98 
-116 146 
-08 -55 
-89 020 
-17 -104 
029 012 
034 127 
-40 -88 
-54 014 
006 028 
-137 -21 
-98 -93 
-52 023 
027 087 
140 -36 
-149 -139 
071 130 
-122 -36 
-103 -23 
-105 -96 
-59 020 
-13 136 
147 -141 
-137 100 
-96 138 
-93 143 
038 074 
-119 090 
-45 039 
-86 038 
-147 028 
073 031 
-101 -85 
-98 149 
-57 -79 
-71 023 
-25 -90 
061 -87 
-94 039 
-108 141 
140 -23 
-03 -72 
098 -20 
043 044 
-45 -69 
142 023 
-101 036 
-131 -136 
003 093 
070 -146 
149 147 
094 -18 
-27 -79 
107 -79 
-36 101 
079 -141 
-138 -139 
-78 -125 
-37 -87 
-18 -74 
-106 042 
018 108 
-134 -20 
012 034 
-43 098 
-117 -80 
-76 -79 
-131 -15 
-85 101 
130 026 
-27 042 
-41 -122 
093 -122 
065 045 
-125 -79 
021 -25 
-115 114 
-02 -09 
130 147 
061 047 
121 098 
148 -65 
063 093 
123 -122 
-106 055 
062 -132 
-120 -109 
056 053 
102 -60 
-79 -135 
000 -71 
-41 -109 
-69 058 
-09 109 
-125 -66 
035 -114 
150 -127 
-67 -125 
134 -135 
-76 055 
139 -57 
-123 -57 
-132 123 
-05 -65 
129 -65 
-141 074 
-88 -63 
071 -70 
145 -121 
-84 056 
090 -57 
-120 133 
136 059 
-12 -68 
-07 010 
-63 115 
-69 071 
013 -119 
-56 010 
-51 125 
-144 -103 
002 -49 
062 002 
-100 -60 
-07 131 
034 -60 
023 010 
008 -113 
025 056 
-116 080 
-75 -111 
090 -44 
-53 136 
-26 010 
048 -41 
-07 023 
087 -113 
-109 012 
006 -38 
138 118 
105 -59 
055 083 
108 -54 
131 078 
002 -36 
076 -87 
-26 131 
-04 -110 
-133 005 
015 -97 
087 008 
-95 031 
-68 134 
004 010 
050 126 
050 -103 
-38 013 
-93 077 
143 088 
096 013 
041 077 
-107 142 
-135 080 
025 069 
140 019 
-108 -46 
-89 -33 
-144 031 
-17 072 
-53 149 
-105 -41 
103 137 
-59 075 
-114 139 
-133 -103 
-13 -38 
106 -87 
023 144 
050 018 
022 -81 
080 -140 
-89 088 
-122 -89 
-36 -86 
-17 -36 
115 083 
-26 144 
015 145 
115 -146 
147 035 
114 -142 
-129 137 
-10 088 
105 075 
-129 -92 
-43 -89 
094 145 
-11 -137 
140 032 
085 096 
-64 -27 
087 142 
-92 -89 
133 029 
100 -148 
086 -83 
-150 -94 
107 -24 
-36 -73 
-23 -134 
-18 -19 
109 022 
128 035 
-106 -132 
-15 -14 
-129 150 
053 -139 
-02 -75 
-57 -11 
-131 040 
-94 107 
033 148 
-127 -70 
-122 045 
-110 -130 
-138 037 
010 -65 
-78 051 
068 105 
-20 -08 
-98 109 
-57 110 
-01 046 
058 097 
-16 -118 
042 -140 
148 -10 
-124 056 
046 -21 
-78 -57 
104 -80 
-37 -19 
054 099 
034 -139 
-21 -75 
070 043 
144 -08 
056 -121 
042 -19 
116 -70 
-27 110 
-69 113 
093 -54 
046 -129 
032 -64 
063 040 
016 -72 
090 -123 
035 -59 
-12 -134 
007 -121 
-136 059 
056 000 
000 105 
060 119 
146 -70 
-42 108 
025 -131 
104 -67 
-148 126 
034 103 
-81 -113 
122 -50 
070 056 
097 -107 
-132 070 
148 124 
014 -105 
-88 113 
-74 011 
113 -126 
141 121 
120 -01 
020 060 
125 113 
-16 137 
-54 -118 
006 -104 
092 -64 
097 014 
124 -112 
-74 132 
-141 142 
055 017 
-33 -59 
108 -120 
025 -118 
-116 -94 
016 062 
150 062 
-72 -51 
103 -50 
034 116 
139 132 
006 017 
-82 -96 
097 135 
-65 073 
143 022 
-33 062 
-28 140 
-75 065 
-89 -99 
071 -110 
-70 -86 
117 006 
015 -42 
064 -150 
036 017 
096 068 
099 073 
-103 087 
-84 137 
-105 014 
043 -88 
139 145 
087 -45 
001 -85 
004 -43 
-10 022 
105 009 
036 138 
017 -104 
-24 -142 
-98 -91 
-107 089 
-135 027 
025 016 
030 094 
-108 -99 
-122 -34 
098 -31 
-105 -94 
-64 -93 
-04 -42 
-45 -80 
-38 081 
022 095 
-39 -144 
107 -90 
-91 -75 
024 -88 
-18 -85 
087 -32 
-87 044 
-34 -93 
100 -93 
058 -90 
108 027 
-25 141 
-85 -139 
075 -150 
052 095 
-50 084 
-83 -93 
-78 -15 
051 -130 
-18 036 
119 041 
067 -149 
-150 -147 
003 095 
-90 -133 
022 108 
-145 -69 
089 -131 
-36 -126 
063 -147 
-37 -85 
082 -134 
101 108 
109 -31 
-43 100 
-62 -142 
072 050 
-16 -63 
075 092 
-127 106 
107 044 
-55 -18 
-83 -80 
-97 -15 
-51 101 
068 052 
081 -09 
067 093 
-48 -123 
-112 121 
070 -131 
111 -130 
042 036 
-39 111 
-146 -15 
047 -115 
-36 116 
079 103 
123 109 
068 -56 
035 -04 
-136 114 
067 -15 
-150 -13 
-145 065 
144 -61 
023 -122 
-118 -61 
047 006 
148 058 
-33 -17 
-141 -45 
046 047 
013 -130 
068 065 
026 068 
-26 -122 
141 055 
020 -06 
-76 057 
089 124 
-49 -106 
009 101 
-58 111 
-60 001 
132 -58 
-56 120 
016 -04 
-120 135 
062 112 
039 128 
-54 -63 
-35 -50 
092 -09 
023 -109 
-132 017 
096 -119 
060 -42 
013 -117 
025 -63 
-116 -39 
-12 055 
134 109 
122 018 
-26 -109 
120 -55 
020 007 
-123 -42 
078 -52 
-65 -101 
055 -36 
-14 130 
016 009 
076 023 
-114 -101 
139 079 
106 -98 
133 005 
078 069 
023 133 
004 -109 
064 -95 
124 -44 
036 072 
008 010 
099 128 
118 141 
-149 026 
025 -50 
140 -100 
131 080 
076 144 
098 -97 
-07 146 
101 -92 
-54 071 
-87 -143 
059 -52 
119 -38 
-65 141 
-43 -100 
017 -49 
036 -36 
-33 130 
108 069 
127 082 
-66 -84 
-80 018 
-94 -146 
030 149 
052 -92 
117 074 
-45 -25 
-04 013 
-68 028 
078 082 
-29 -44 
045 -95 
119 -146 
064 -82 
055 098 
-71 -41 
075 013 
-25 075 
108 -39 
-08 015 
121 -100 
-149 039 
085 -23 
-03 093 
019 -148 
131 093 
038 -98 
-105 082 
-73 034 
128 024 
-68 149 
133 139 
064 039 
072 -137 
008 144 
126 -130 
-03 -15 
-110 -141 
-124 -76 
065 -140 
010 -76 
-133 141 
082 029 
-32 -73 
147 -71 
100 -146 
012 -30 
017 085 
077 099 
-57 -130 
144 -140 
061 091 
135 040 
047 -73 
-127 040 
-94 -12 
052 042 
-03 106 
079 145 
-50 031 
010 045 
-45 109 
137 -143 
-92 034 
-147 098 
109 024 
-32 048 
-87 112 
095 -140 
-29 090 
-117 -23 
053 -137 
-150 029 
-71 093 
-113 096 
047 048 
-127 -68 
-91 114 
024 101 
-23 -11 
-78 053 
109 -84 
-34 096 
114 -06 
-15 109 
-148 -06 
141 -132 
086 -68 
-02 048 
-35 -129 
056 -11 
116 040 
028 -73 
-141 118 
-141 -111 
005 -57 
049 -14 
-67 040 
-34 -12 
141 -11 
-30 107 
-63 -70 
-46 099 
-132 059 
074 -65 
046 102 
-102 -62 
051 -49 
-111 -111 
-90 -52 
-49 -51 
056 002 
102 118 
027 -56 
032 059 
-23 123 
-130 -03 
-51 061 
002 -113 
-12 -11 
136 -113 
-100 -124 
-07 067 
-81 -111 
053 118 
037 110 
056 123 
102 010 
-93 000 
014 -103 
-14 064 
113 105 
-121 -62 
132 118 
071 -121 
076 -43 
-53 072 
-54 -116 
-10 -110 
-65 -46 
143 132 
-05 005 
105 -123 
-74 134 
041 121 
-102 072 
-28 021 
-135 -105 
118 075 
-144 075 
090 013 
131 014 
-72 -49 
-133 -59 
037 123 
138 -54 
-77 021 
-05 126 
027 078 
-06 -99 
044 018 
-89 132 
-149 -148 
-144 -33 
-105 -105 
103 073 
006 -89 
-82 027 
059 003 
138 067 
-10 -97 
-52 -94 
-06 022 
131 027 
076 091 
103 -35 
-123 147 
100 -104 
-82 -81 
108 016 
127 029 
-25 -99 
-122 -32 
-86 150 
103 086 
105 132 
031 -83 
-24 -19 
-52 148 
077 033 
-126 -30 
-85 -29 
-113 -91 
107 -88 
126 -75 
112 027 
024 143 
010 -21 
-78 -134 
101 097 
-128 045 
059 137 
-24 102 
-76 -88 
-104 -150 
-140 -73 
-113 030 
-39 -21 
080 -70 
066 032 
033 -145 
-122 -19 
010 100 
-138 -27 
142 027 
054 143 
-120 -10 
-134 092 
-29 145 
045 094 
-48 -134 
077 046 
-85 -16 
-99 049 
-39 100 
028 -139 
-146 -26 
-27 -75 
140 102 
-122 102 
079 092 
063 084 
-78 -121 
-111 -69 
109 -29 
007 -77 
141 -77 
072 052 
-104 092 
089 -08 
-44 -123 
-27 046 
060 -66 
010 113 
032 -128 
-97 -13 
-125 -75 
040 -08 
081 -07 
-136 -05 
-21 -18 
053 -69 
125 036 
058 046 
-109 -131 
-49 -117 
-99 062 
-46 -75 
-55 105 
-14 -123 
-139 111 
-62 102 
-21 103 
-35 -61 
138 -133 
129 047 
060 -53 
-51 116 
016 -123 
026 070 
034 -69 
139 -53 
-142 -66 
144 062 
056 -51 
097 -50 
083 052 
028 116 
143 066 
-79 -10 
129 -61 
013 -07 
044 060 
104 111 
011 -117 
071 -66 
117 050 
-72 -115 
-12 -64 
-100 052 
-54 -61 
-68 004 
037 057 
111 006 
-96 -58 
009 -05 
138 -120 
014 073 
-19 -104 
-121 -115 
-135 -50 
-116 -37 
-70 079 
-26 -107 
-40 -42 
-54 060 
106 012 
139 -40 
092 -115 
-129 -114 
069 130 
-74 081 
-06 -44 
-144 022 
112 -52 
076 025 
062 127 
-114 130 
-95 143 
087 -109 
-49 030 
133 007 
-82 082 
-79 124 
113 065 
-94 -36 
118 143 
140 -98 
145 017 
043 -31 
-59 -42 
018 -88 
-129 128 
-24 -85 
-19 030 
-52 -147 
-06 -31 
121 010 
-08 125 
080 -28 
-149 149 
-08 -104 
-119 028 
-45 -23 
-73 -85 
-87 -20 
128 -95 
004 135 
-10 -29 
091 023 
110 036 
-80 141 
-99 -138 
-39 -87 
098 147 
-138 -93 
-37 -41 
101 -77 
147 039 
-134 026 
-43 144 
-148 -138 
091 144 
-98 -21 
017 -34 
-66 -69 
-39 034 
080 -15 
066 087 
-110 -139 
098 039 
084 141 
-124 -74 
101 044 
-101 095 
-34 -144 
012 -28 
031 -15 
072 -14 
-76 -141 
144 -138 
-85 039 
149 -23 
080 106 
088 -33 
000 -146 
079 -82 
137 -141 
082 -77 
-78 -66 
-32 050 
-20 -125 
040 -74 
114 -125 
-145 109 
116 -79 
107 101 
-127 -66 
126 114 
065 104 
-83 -23 
123 045 
067 150 
-62 036 
-21 037 
-01 050 
-57 114 
-35 -127 
-16 -114 
144 -125 
-99 117 
-77 -124 
129 -19 
041 -132 
-14 -68 
-83 098 
051 061 
-130 -14 
137 101 
-56 -65 
123 -63 
068 001 
-139 -63 
-53 -60 
-120 -50 
021 -74 
067 042 
089 060 
-132 061 
-14 053 
013 -73 
132 -122 
-56 056 
-26 -65 
042 106 
069 -57 
014 007 
129 -06 
-93 -119 
127 -116 
-102 061 
-84 -114 
-109 058 
-93 002 
-19 -49 
-74 015 
-102 -47 
025 -06 
099 -57 
-84 007 
057 -54 
076 -41 
062 061 
122 075 
-128 -100 
-68 -49 
-79 058 
-19 072 
-74 136 
008 -54 
-47 010 
025 115 
099 064 
044 128 
-89 013 
002 131 
-100 120 
139 136 
-95 -31 
-13 008 
106 -41 
092 061 
-137 -28 
-05 128 
017 -113 
-130 133 
-103 -30 
029 126 
-114 077 
087 067 
-128 -87 
-101 016 
-82 029 
-77 144 
055 034 
-80 075 
066 -100 
085 -87 
-122 078 
-110 -97 
-91 -84 
-119 083 
-100 133 
115 021 
043 -84 
-92 -43 
-18 -94 
101 -143 
142 -105 
-128 034 
001 -81 
-115 -27 
105 013 
050 077 
036 142 
108 018 
022 -22 
085 034 
126 035 
-22 -92 
-36 -27 
-50 075 
024 024 
-124 -140 
073 145 
-32 -137 
045 083 
-115 -135 
012 -94 
-129 -33 
-38 085 
022 099 
003 -143 
130 -102 
075 -38 
-25 024 
061 027 
066 142 
-09 -32 
024 -84 
082 086 
-73 -17 
-32 -16 
068 -78 
-62 078 
-115 -14 
-150 -35 
070 -32 
077 -73 
130 019 
-25 145 
094 096 
-146 -145 
033 -143 
093 -129 
079 -27 
-138 -25 
-97 -24 
137 -86 
035 -134 
114 -70 
086 097 
-02 -16 
058 035 
003 099 
-145 -65 
042 027 
019 043 
-124 -06 
-97 -132 
150 -26 
-32 -03 
040 102 
054 037 
070 -19 
144 -70 
-30 043 
056 046 
-118 -70 
-46 035 
-79 -142 
-41 -116 
-141 -54 
-14 -13 
-110 050 
-55 -14 
063 -22 
109 094 
-84 -72 
007 046 
-134 107 
141 046 
139 -64 
-109 -129 
-63 -13 
113 -80 
-97 110 
063 099 
-07 003 
-136 118 
072 067 
-63 -121 
-05 049 
-41 126 
005 013 
032 116 
016 -121 
-72 -05 
-139 005 
057 -120 
-67 110 
067 110 
-136 010 
-07 -105 
-142 -64 
-68 -115 
-77 065 
-74 070 
-33 108 
-14 121 
-47 -56 
131 -50 
103 -112 
034 054 
122 -99 
020 119 
006 -45 
-33 000 
025 -59 
-116 -35 
099 -110 
-56 016 
131 071 
-103 -96 
057 -107 
043 -42 
-26 124 
048 073 
134 113 
020 011 
-68 -102 
059 -61 
133 -112 
-129 -112 
069 132 
110 -96 
011 127 
145 127 
-72 129 
002 078 
-95 145 
064 138 
045 -104 
027 027 
080 -147 
-149 030 
-144 145 
-70 094 
-03 -145 
-91 -29 
101 -88 
-128 089 
100 -47 
-96 078 
105 068 
124 081 
-140 -29 
-06 -29 
033 -101 
057 027 
-91 -137 
-50 -99 
-92 -96 
-147 -32 
-18 -147 
001 095 
133 022 
-29 -40 
031 -26 
-24 038 
003 -88 
-25 079 
080 095 
-113 -34 
061 -147 
052 033 
126 -18 
038 135 
-37 -39 
-18 -26 
-134 028 
-29 081 
-112 046 
003 033 
022 046 
-140 -16 
080 -13 
033 141 
066 089 
-55 028 
082 033 
-37 -147 
001 108 
109 -93 
068 -131 
-101 097 
-57 103 
-131 -75 
144 -136 
-127 044 
019 -131 
-45 113 
051 050 
123 -74 
-87 116 
-84 -138 
125 -28 
-145 111 
070 036 
130 087 
-44 -66 
-99 -01 
146 031 
060 -09 
-97 044 
063 033 
-23 -07 
082 046 
-18 108 
049 -131 
035 -66 
026 114 
-21 039 
-76 103 
-02 052 
072 001 
-104 041 
-77 -122 
135 057 
-27 -05 
-127 057 
129 -17 
-60 047 
148 -04 
-69 -02 
005 -53 
-53 -58 
034 -133 
023 -63 
088 103 
014 -112 
-121 -71 
118 -55 
-56 058 
-144 -55 
-76 116 
139 004 
092 -71 
097 007 
069 -55 
113 -12 
132 001 
118 066 
035 068 
076 069 
-53 -45 
-67 057 
056 127 
-38 -60 
-93 004 
-05 -112 
-06 -108 
-61 -44 
-116 020 
-130 122 
145 061 
-70 136 
-12 114 
062 063 
103 064 
-54 117 
-147 -111 
-35 130 
059 -06 
-52 -103 
013 063 
-94 -100 
-89 015 
-105 007 
-31 -44 
-86 020 
064 -36 
069 079 
-52 018 
-06 -95 
-04 -49 
115 -98 
-73 -149 
-128 -85 
-96 133 
078 020 
-137 095 
017 010 
-38 074 
108 128 
-126 -39 
-66 -25 
-108 015 
112 018 
-119 085 
-18 -92 
-142 138 
-117 -98 
-01 -148 
-98 -85 
003 -33 
-140 147 
-66 096 
-39 -30 
-89 149 
019 -89 
010 091 
029 141 
-45 -74 
-147 144 
087 082 
-106 -84 
-32 -135 
128 -146 
-15 034 
-62 -41 
-30 -89 
075 -36 
149 -87 
-39 091 
028 -148 
088 -97 
107 -84 
-78 -130 
-18 -79 
-51 -27 
-87 050 
067 -35 
-112 -07 
-85 096 
-11 045 
061 150 
-113 034 
107 037 
-36 -12 
-91 052 
-09 091 
-83 -87 
-106 -71 
-20 -68 
-120 -06 
012 150 
-148 -68 
072 -65 
089 104 
-58 091 
-39 104 
-127 -09 
093 -06 
-143 -17 
065 -68 
032 -16 
-23 048 
-78 112 
137 037 
-125 037 
095 040 
053 043 
-150 -20 
020 -134 
138 -142 
-46 037 
088 037 
148 051 
-88 040 
005 002 
-124 117 
-09 104 
046 040 
051 118 
013 -137 
-111 056 
068 058 
016 -132 
035 110 
-84 -70 
076 -118 
-100 -78 
034 -78 
-07 -116 
053 -65 
125 040 
138 -21 
042 042 
009 -135 
-05 -70 
014 -57 
146 099 
060 059 
-143 -04 
063 101 
030 -113 
-72 -124 
136 054 
-67 -09 
-81 056 
-01 120 
-90 007 
-132 010 
143 -51 
129 051 
-121 -124 
013 105 
-102 -111 
013 -124 
071 046 
035 123 
-81 -52 
-54 051 
-109 115 
-68 -113 
-49 -100 
-137 016 
143 070 
-33 110 
027 124 
-89 -51 
117 054 
062 118 
-31 -110 
-86 -46 
-100 056 
103 -110 
048 -46 
084 -123 
-95 -95 
092 -03 
037 061 
-137 137 
124 -51 
-60 128 
110 014 
027 016 
-28 080 
-116 -33 
-31 011 
-86 075 
-26 126 
-59 -51 
-128 078 
106 016 
092 118 
-49 142 
-137 029 
119 -45 
-77 080 
078 -46 
124 070 
-98 -43 
-19 021 
055 -30 
-80 011 
094 -102 
025 064 
-50 -110 
-133 -108 
087 -105 
-13 -43 
-101 073 
018 024 
-137 150 
-98 078 
077 -150 
108 -46 
-47 080 
099 134 
121 -107 
066 -43 
052 022 
057 137 
-03 -143 
079 -104 
-105 075 
029 075 
-92 014 
-73 027 
-10 083 
119 -32 
-62 -107 
-112 035 
-39 025 
085 091 
093 -85 
-09 -96 
010 -83 
-04 019 
001 097 
-112 -73 
075 019 
019 -142 
-09 025 
-04 140 
-23 -139 
-106 -137 
021 -96 
095 -147 
012 -145 
089 038 
-140 -14 
-44 -77 
107 092 
126 105 
074 -85 
-55 030 
024 094 
-69 -134 
-09 -83 
-20 -13 
-34 089 
-148 -13 
-150 -86 
116 033 
-22 099 
-69 -13 
-124 051 
065 -13 
-42 -139 
031 110 
-76 -16 
037 -139 
-63 -77 
028 041 
088 092 
-141 003 
-14 044 
060 -07 
046 095 
-102 -69 
032 -69 
-130 -131 
068 113 
026 116 
-07 -61 
-132 -56 
074 049 
-69 000 
-83 102 
060 -115 
-23 116 
025 -136 
-111 003 
062 -69 
034 098 
072 124 
-35 -01 
-137 -50 
-79 -72 
-33 044 
060 006 
-121 -69 
025 -15 
-42 -05 
049 113 
-139 062 
-86 -112 
029 -125 
-07 -48 
-136 067 
-68 -58 
023 060 
102 124 
143 125 
-77 -107 
129 -01 
-74 -102 
-42 116 
118 068 
044 -110 
085 -109 
-89 004 
-70 017 
-72 -56 
136 122 
-53 -43 
-26 060 
048 009 
087 -63 
-109 062 
-142 -115 
050 055 
-47 122 
-06 -106 
-61 -42 
-56 073 
103 066 
-86 -99 
048 130 
004 060 
124 125 
-80 066 
-135 130 
-103 -147 
-100 124 
-115 -36 
124 017 
110 082 
-08 063 
140 -39 
030 089 
-31 079 
084 066 
004 073 
077 026 
-66 -23 
066 -96 
-50 -42 
101 090 
-73 -26 
119 144 
-117 -96 
-02 -146 
-57 -82 
-71 020 
126 039 
-124 -136 
084 079 
-78 -20 
-92 082 
-147 146 
142 020 
-87 -69 
-120 -17 
119 036 
012 -90 
-57 039 
003 090 
070 -149 
-140 041 
-66 -10 
-46 -95 
-22 033 
079 085 
005 -130 
-34 144 
-43 095 
017 146 
125 -92 
-66 111 
-118 -79 
135 101 
042 -90 
061 -77 
-127 101 
148 040 
-41 -125 
-42 -84 
-125 147 
068 047 
-136 -12 
144 042 
056 -71 
009 -146 
-141 058 
079 098 
-124 -01 
-09 -15 
049 -74 
123 -125 
-139 -125 
020 -132 
125 -79 
-30 047 
-63 099 
023 -127 
028 -12 
-124 119 
046 042 
-130 045 
-111 058 
049 047 
134 -138 
139 -60 
070 106 
144 055 
092 -135 
-123 -60 
-118 055 
056 -58 
050 -132 
143 059 
055 -54 
-14 112 
-23 063 
035 004 
-07 007 
-54 -68 
056 063 
-65 002 
138 -127 
-79 -125 
-38 -124 
-121 -122 
044 -55 
030 010 
002 -52 
076 -103 
-26 115 
122 013 
-26 -114 
-95 015 
018 -108 
004 -06 
-82 -46 
059 -70 
083 058 
-132 133 
124 059 
091 -118 
127 064 
099 002 
118 015 
-56 128 
-144 015 
131 -46 
136 069 
020 123 
-13 -54 
138 115 
069 015 
055 080 
027 018 
-61 134 
113 058 
071 061 
-70 085 
076 139 
103 013 
142 -59 
101 -97 
-96 069 
078 -44 
-137 031 
-24 -92 
110 137 
077 -40 
094 -100 
-116 090 
-22 -46 
098 019 
043 083 
-31 -95 
-04 008 
101 024 
-147 -41 
106 139 
001 -143 
-87 -27 
-101 075 
-73 -92 
045 129 
-98 -149 
-112 -84 
108 -44 
080 -143 
-108 072 
126 -27 
079 -102 
043 -25 
-45 091 
-119 142 
101 -84 
-15 -30 
-98 -28 
075 -100 
116 -99 
-39 027 
135 -86 
107 -148 
-50 134 
043 096 
-133 136 
-92 -92 
-18 -143 
-48 -86 
067 -99 
-115 -76 
-57 -135 
-145 -19 
-99 -132 
102 -142 
140 150 
-27 -27 
-03 101 
128 032 
067 022 
031 099 
-30 089 
042 -35 
116 -86 
-27 094 
088 -148 
000 -32 
126 107 
129 -147 
-138 034 
-37 086 
123 038 
141 092 
007 -137 
-21 030 
-150 -84 
028 -78 
-27 -14 
041 -139 
060 -126 
132 -21 
141 -16 
-81 -129 
086 048 
-02 -65 
-145 115 
-11 115 
138 -85 
-41 -57 
-55 045 
-14 046 
000 -19 
129 -134 
065 110 
-111 -116 
-20 002 
-12 -137 
-67 -73 
048 -123 
125 097 
144 110 
006 -120 
-49 -56 
111 -67 
083 -129 
050 -77 
032 054 
-56 -59 
104 -70 
-70 006 
095 110 
139 116 
-46 107 
-79 -70 
146 048 
113 100 
013 -67 
044 000 
-108 -128 
131 -112 
-105 -123 
081 067 
006 -107 
-96 111 
-10 -115 
-05 000 
124 -115 
-19 065 
055 014 
008 -61 
127 -110 
-130 005 
145 -56 
-114 -51 
-142 -113 
078 -110 
023 -46 
-05 121 
025 000 
-03 -99 
-17 003 
-72 067 
087 060 
-68 -43 
059 -01 
-10 127 
-10 -102 
108 119 
-80 068 
099 070 
140 071 
044 134 
-94 -96 
-31 -40 
-18 -101 
101 -150 
-68 078 
059 119 
119 -96 
-52 022 
149 012 
-94 025 
-149 089 
038 -48 
-128 148 
147 -142 
119 025 
012 -101 
-117 014 
-43 -37 
-126 -35 
094 -32 
-39 082 
121 071 
080 033 
-94 -83 
-22 022 
107 -93 
024 -91 
123 -149 
-106 028 
-87 041 
073 030 
-101 143 
147 -21 
-98 148 
-01 -144 
130 012 
-85 087 
080 -75 
000 -98 
-09 082 
032 -146 
082 -29 
-147 148 
040 -26 
-62 -37 
-76 028 
072 -74 
-90 -136 
056 -82 
042 020 
-132 -133 
-146 -31 
-141 047 
101 105 
-78 -126 
021 082 
-139 -136 
100 146 
-48 -18 
-01 -131 
070 -26 
-85 100 
-66 113 
042 -88 
-132 -12 
-58 -26 
102 -74 
-60 -136 
093 106 
074 -136 
000 -85 
005 -07 
010 108 
-42 -82 
104 -28 
-81 -74 
-136 -10 
-21 -23 
-57 054 
-146 -18 
129 -79 
-141 060 
-55 100 
146 -139 
-83 038 
-130 -74 
-125 041 
-20 057 
-72 -133 
021 095 
-54 -79 
028 -10 
143 -60 
-41 119 
-60 -123 
060 -58 
-139 -01 
134 093 
-26 -125 
-54 042 
-109 106 
-35 055 
070 108 
078 -68 
102 060 
-60 -02 
096 -14 
-121 -12 
-102 001 
-116 066 
044 055 
-42 052 
145 -122 
-72 -120 
122 -106 
120 050 
-07 009 
-95 -104 
-13 -65 
105 -73 
009 -10 
108 -68 
-88 057 
118 125 
044 -53 
038 -127 
076 128 
062 001 
-26 117 
-123 -45 
-82 -44 
133 -119 
097 -42 
064 010 
110 -103 
055 -39 
027 128 
-61 015 
099 004 
-56 130 
112 -57 
002 071 
-50 -119 
076 020 
-95 138 
092 001 
064 -98 
-79 119 
110 018 
-149 023 
011 012 
076 141 
029 066 
-45 -149 
-147 069 
101 -95 
-128 082 
-18 -46 
-68 133 
018 136 
059 -55 
004 009 
-129 123 
-65 138 
110 139 
017 -52 
-126 128 
022 026 
094 -98 
080 -33 
140 018 
-22 -44 
098 021 
-147 -39 
109 -113 
054 -49 
-82 090 
045 -98 
077 083 
077 -146 
-08 012 
-50 015 
-64 -149 
-23 -148 
-119 -85 
-87 096 
147 034 
-34 -41 
086 024 
-57 -25 
-126 141 
149 080 
-58 016 
121 018 
107 083 
-110 -144 
-138 023 
010 -79 
-04 023 
128 142 
-106 -25 
-87 -12 
119 093 
-117 082 
-98 095 
-90 -81 
058 -146 
144 -143 
-80 149 
107 -25 
019 091 
-36 -74 
-83 080 
-09 029 
082 147 
-51 032 
-125 -146 
-62 -90 
072 102 
144 -22 
-145 -125 
-44 -73 
042 -33 
129 -145 
146 024 
-69 -130 
046 -143 
-124 -66 
063 026 
137 -25 
-111 -127 
067 145 
141 094 
-150 147 
053 -19 
-57 109 
070 150 
102 102 
-27 -12 
-127 050 
088 -25 
093 053 
-69 -09 
146 -84 
137 096 
109 034 
021 150 
-148 112 
053 -127 
056 -122 
138 -83 
-46 096 
-27 109 
143 -05 
088 096 
-60 -68 
-111 115 
071 -137 
150 -73 
-26 -70 
-35 110 
-109 -68 
-68 -67 
-77 113 
042 101 
-77 -116 
127 -121 
-135 -121 
-111 007 
030 -54 
-20 125 
-100 102 
029 -13 
122 -51 
-114 -62 
120 -124 
-96 -08 
132 115 
-75 051 
-111 128 
071 -124 
-103 -48 
-72 056 
133 -64 
-82 011 
041 118 
108 -121 
025 110 
-149 -43 
-17 -116 
-114 -49 
069 072 
110 073 
055 137 
-28 139 
-03 -97 
-105 121 
043 019 
103 070 
054 -115 
-96 126 
-10 129 
064 078 
143 142 
-80 070 
094 -43 
-08 -54 
-110 -102 
098 076 
010 -37 
-04 065 
142 -110 
-13 016 
-82 145 
078 134 
119 135 
-98 137 
105 008 
-98 -92 
036 137 
-112 -27 
108 013 
149 014 
-140 -89 
-25 -102 
-80 -38 
112 132 
098 -32 
087 075 
-106 -91 
-101 024 
-48 -150 
105 129 
031 -86 
-71 132 
-71 -97 
022 094 
-145 -83 
075 -43 
135 -29 
052 -27 
-101 145 
114 033 
012 022 
-24 099 
-131 -27 
-30 025 
-85 089 
075 078 
144 -88 
061 -86 
-146 -150 
126 043 
-55 -32 
-09 084 
-09 -145 
032 -144 
-78 -16 
-37 022 
082 -27 
-73 099 
054 140 
128 089 
040 -24 
-15 040 
012 143 
-76 030 
-150 -148 
003 094 
144 033 
-27 -78 
-55 089 
-88 -88 
-56 -136 
-12 -93 
007 -80 
053 036 
000 146 
074 095 
-141 -59 
123 -13 
109 089 
-123 -69 
-90 -121 
111 -131 
074 -13 
060 052 
-33 -139 
113 -85 
027 -125 
-97 105 
118 -07 
-130 -72 
-56 -123 
-139 108 
-12 -80 
-54 -77 
072 062 
-44 116 
004 -136 
023 -123 
096 -133 
-74 -56 
060 -56 
030 001 
-70 063 
016 103 
035 116 
-17 -74 
-67 105 
-100 -72 
-40 -58 
099 -07 
145 109 
011 -120 
-144 006 
084 -130 
029 -66 
-81 062 
-133 -128 
-95 127 
139 065 
-13 -63 
004 -123 
097 068 
-93 -56 
022 -106 
-74 -43 
145 001 
-72 003 
-12 054 
-101 -55 
022 015 
-25 -60 
094 -109 
011 -107 
-103 020 
131 -42 
-133 114 
-40 076 
-92 -114 
-95 140 
-82 079 
133 004 
091 007 
-19 135 
003 -106 
-149 025 
-89 076 
-144 140 
057 130 
131 079 
-91 -34 
029 068 
103 017 
015 133 
-45 -147 
133 125 
100 -52 
105 063 
058 -49 
-71 066 
135 -95 
080 -31 
-08 122 
-127 -95 
-103 033 
-105 -40 
109 -111 
-32 -87 
-87 -23 
045 133 
067 -108 
-129 017 
-150 -106 
-71 -42 
003 -93 
080 -139 
-149 038 
088 -49 
079 131 
-23 -146 
-92 020 
-73 033 
040 -90 
-29 076 
-02 -87 
-126 143 
-11 093 
-27 -144 
-127 -82 
074 -92 
-138 025 
-64 -26 
010 -77 
-92 141 
-18 090 
109 -98 
040 031 
141 -146 
053 -30 
-104 023 
-58 139 
-132 -76 
121 141 
000 -149 
093 042 
-83 082 
-124 044 
-97 -82 
-111 -17 
-125 -144 
-87 111 
040 -77 
007 -25 
-62 141 
072 104 
-76 -23 
-02 -74 
089 044 
037 -146 
-27 098 
-41 -66 
-55 036 
-23 -12 
-70 -124 
-34 095 
-67 -82 
007 -133 
-148 -07 
072 -04 
-35 -130 
056 -12 
102 104 
-132 -63 
014 -09 
-127 052 
-33 -84 
041 -135 
093 055 
-111 -04 
035 050 
034 091 
-118 -07 
096 -78 
055 -116 
013 -76 
132 -125 
-130 104 
099 -73 
071 -135 
062 045 
-77 115 
-05 -09 
055 005 
-107 -57 
-47 -06 
132 -04 
-70 010 
-72 -63 
-54 -09 
006 005 
111 058 
-82 -108 
118 -47 
071 107 
038 -70 
002 007 
064 067 
-79 055 
124 -111 
-93 120 
094 -54 
-06 008 
-135 -106 
044 125 
038 051 
-17 115 
002 128 
-100 117 
103 -49 
-40 131 
-18 -110 
-123 133 
-15 -105 
-115 -43 
-38 -52 
113 117 
-135 015 
-03 134 
-103 -33 
098 -43 
084 059 
-59 010 
015 -41 
-40 023 
-147 -103 
-29 -111 
003 070 
-52 134 
036 018 
022 083 
-61 085 
025 125 
066 126 
-113 -105 
-122 075 
112 013 
024 -100 
-31 -36 
-45 029 
068 -94 
001 -84 
017 126 
-117 -103 
058 -102 
022 -25 
075 067 
-122 -33 
131 147 
024 021 
084 072 
-64 -92 
-133 074 
087 077 
-131 083 
031 -84 
149 137 
-85 -30 
-30 -94 
107 140 
-122 088 
148 -88 
046 -99 
063 070 
-97 -148 
-125 019 
114 035 
012 024 
072 038 
058 140 
-104 078 
-63 -150 
088 019 
-146 -148 
052 096 
-23 -78 
-37 024 
054 142 
-51 -140 
-34 029 
-57 045 
-150 -146 
130 137 
-104 -30 
116 -27 
047 102 
-88 -86 
123 -132 
035 -16 
-21 -140 
072 051 
-150 -25 
116 094 
146 -27 
-69 048 
132 038 
099 -139 
032 -129 
044 -75 
118 -126 
049 040 
035 -124 
076 -123 
062 -21 
081 -08 
141 043 
-26 -134 
039 -05 
144 048 
092 -142 
111 -129 
-118 048 
-77 049 
-132 113 
050 -139 
005 118 
118 -05 
-111 -57 
-139 110 
134 -24 
053 051 
006 -61 
111 -08 
-96 -72 
138 -134 
-77 -59 
-05 046 
074 110 
-88 048 
-14 -03 
027 -01 
-61 -115 
099 -126 
-56 000 
-144 -113 
038 -136 
106 -02 
092 100 
-142 -67 
-96 049 
097 -51 
124 052 
-05 -62 
091 -125 
-102 005 
-116 070 
-75 -121 
-84 059 
131 -53 
062 113 
122 127 
115 -61 
-40 065 
-95 129 
-142 054 
-29 -69 
064 -107 
-79 110 
-28 075 
-89 065 
-122 -112 
024 -58 
043 -45 
-86 070 
101 -104 
-13 060 
-49 137 
-101 -53 
018 -102 
-98 -48 
-135 070 
-108 -56 
098 012 
122 140 
-114 129 
101 017 
073 -45 
045 -107 
091 009 
-126 011 
022 -91 
-66 025 
-113 -50 
-03 081 
029 070 
015 135 
-65 142 
110 143 
-24 -86 
108 070 
094 135 
-11 -147 
-113 071 
066 073 
-127 -93 
-122 022 
052 -91 
-91 089 
024 076 
126 -142 
-59 078 
068 -147 
-134 -96 
064 148 
-62 009 
-43 022 
-117 073 
-57 -142 
-145 -26 
094 027 
-39 141 
080 092 
061 -150 
052 030 
-36 146 
-04 135 
-23 -144 
-32 036 
128 025 
-139 -90 
021 -101 
-106 -142 
-134 025 
141 -36 
-76 -34 
-01 -85 
-71 081 
-118 -31 
056 -144 
-39 033 
-146 -93 
093 -77 
-143 -88 
032 -87 
063 017 
128 146 
068 -134 
-32 -72 
-120 044 
-67 -93 
053 -28 
-01 036 
-35 -141 
-145 -13 
042 079 
-44 039 
-58 141 
047 -72 
-143 033 
046 -31 
137 087 
-51 036 
007 -23 
-100 -149 
089 046 
-99 -05 
028 036 
-27 100 
-41 -64 
074 -77 
-88 -139 
-143 -75 
-102 -74 
123 044 
109 146 
016 -82 
-84 -20 
062 034 
007 098 
081 047 
-81 -15 
034 -28 
134 -90 
-76 100 
-123 -12 
037 -23 
-63 039 
056 -10 
042 092 
083 093 
-46 -21 
-74 -120 
060 109 
-14 -69 
-102 047 
-116 -117 
122 -60 
-07 055 
020 -71 
-142 -133 
-96 -17 
-46 100 
-05 101 
124 -14 
014 114 
-33 039 
060 001 
-72 047 
-12 098 
-54 101 
039 063 
006 -114 
004 042 
102 119 
027 -55 
025 -128 
145 -63 
057 053 
131 002 
-100 106 
139 122 
-109 057 
106 -55 
-142 -120 
-101 -119 
059 -130 
-49 071 
069 063 
-38 -63 
-74 014 
-33 052 
-06 -111 
-108 -122 
071 109 
-89 -109 
029 112 
115 -114 
015 -52 
-13 115 
078 004 
-61 074 
140 064 
085 128 
084 -60 
-45 018 
-92 -57 
142 -119 
-128 020 
097 138 
050 063 
017 115 
055 141 
022 -36 
-25 -111 
061 -108 
-108 120 
126 021 
-03 136 
-36 -41 
-91 023 
098 -41 
029 125 
054 -111 
127 138 
-140 023 
135 -38 
-135 138 
088 -113 
107 -100 
112 015 
065 -97 
-45 031 
018 087 
-82 149 
-129 074 
-24 090 
075 069 
-140 144 
-113 018 
-41 -143 
-55 -41 
063 -49 
-37 013 
-20 -84 
100 018 
-117 020 
086 -146 
-76 021 
-43 -31 
-90 -143 
-11 150 
042 013 
-99 037 
066 141 
088 -100 
019 029 
-110 144 
-37 -95 
054 023 
-34 139 
-62 077 
-58 -33 
107 034 
-22 149 
-143 088 
146 -38 
060 -78 
-42 -89 
-23 -76 
-111 040 
095 145 
095 -84 
012 147 
-48 -133 
125 024 
-30 150 
130 139 
-46 142 
028 -138 
129 -86 
-141 053 
148 -73 
-55 093 
-88 -84 
113 -94 
-83 031 
-42 032 
-23 045 
145 -142 
-53 -127 
-67 -25 
-148 050 
-136 -125 
125 -84 
-104 093 
138 -145 
083 -81 
000 150 
148 048 
-14 -14 
025 -86 
-42 -76 
104 -22 
090 043 
-139 -09 
117 -83 
076 -121 
097 -62 
-79 -22 
-33 094 
-47 -70 
044 048 
118 -03 
-86 -62 
120 043 
020 105 
-109 -09 
-44 120 
-05 048 
-74 -52 
108 -75 
-121 102 
-102 115 
132 053 
-130 053 
016 107 
-17 -70 
076 -108 
-59 -67 
015 -118 
-40 -54 
-142 -65 
-123 -52 
023 002 
-129 -126 
-93 056 
055 -46 
127 059 
-107 -108 
-47 -57 
099 -03 
-149 -105 
-03 -51 
-72 115 
057 000 
029 -62 
-133 -124 
-73 -110 
064 -105 
050 -03 
091 -02 
055 075 
-93 -52 
096 113 
008 000 
-47 064 
094 003 
-89 067 
071 056 
145 005 
076 134 
-86 072 
029 059 
-59 -54 
142 -64 
-13 062 
004 002 
091 -110 
027 134 
-08 113 
-149 137 
140 011 
030 139 
033 -115 
-122 011 
-03 -38 
145 126 
112 -51 
-50 -113 
-105 -49 
103 129 
084 116 
-31 -100 
115 -46 
-92 -110 
054 -56 
-137 147 
-117 062 
-43 011 
031 -40 
022 140 
-61 142 
-113 -48 
140 132 
-108 067 
-03 083 
098 135 
-78 -91 
101 -89 
-128 088 
054 065 
-20 -150 
045 016 
086 017 
-98 -33 
061 -40 
066 075 
-127 -91 
-143 -99 
-92 132 
142 070 
-92 -97 
068 -145 
147 148 
128 -94 
054 -43 
031 -27 
-150 -102 
-131 140 
003 140 
075 016 
-118 -150 
-110 -30 
-124 035 
-04 137 
-18 -27 
123 -88 
-139 -88 
114 092 
-34 -35 
-134 027 
-21 -96 
072 095 
072 -134 
-30 084 
-11 097 
149 086 
102 -26 
033 140 
107 089 
-141 -13 
-36 040 
-50 142 
005 041 
132 -147 
032 -85 
049 -145 
-51 -83 
095 -29 
-02 038 
-35 -139 
-90 -75 
-85 040 
-44 041 
088 -32 
060 -131 
063 140 
049 -24 
-20 105 
-67 030 
-21 -83 
-76 -19 
139 -131 
-30 097 
130 086 
111 036 
009 025 
-27 102 
-79 -88 
055 -125 
146 030 
046 092 
-88 -137 
065 105 
-28 -123 
-130 -134 
109 148 
150 149 
034 -26 
-16 116 
-63 041 
-65 -69 
-146 043 
-60 046 
-41 059 
041 098 
000 097 
113 -26 
025 -139 
090 -10 
-100 095 
-26 044 
034 095 
139 -118 
-77 -01 
-46 102 
129 103 
-19 -61 
-88 105 
-47 106 
-121 -72 
-61 -58 
-108 -133 
-70 122 
-89 -120 
-144 -56 
-70 -107 
104 046 
-12 100 
-81 000 
004 044 
-77 119 
055 009 
041 111 
-52 -117 
-47 -01 
-89 001 
002 119 
131 004 
-105 -07 
-26 057 
139 124 
142 -130 
097 127 
-65 065 
-61 -45 
011 060 
-108 -120 
-122 -55 
090 124 
112 -117 
131 -104 
-86 127 
-45 -101 
-59 001 
-54 116 
-95 078 
006 130 
073 -109 
-96 119 
078 006 
017 -04 
-06 012 
066 117 
-94 -101 
029 006 
115 009 
073 012 
105 001 
-65 078 
055 143 
-80 -45 
121 -55 
085 022 
126 023 
-50 063 
098 -39 
-31 076 
-147 130 
045 071 
031 -93 
-98 022 
130 -114 
-06 025 
024 133 
046 -108 
-59 135 
049 -103 
-32 -28 
-120 -141 
-62 066 
-129 076 
086 -36 
144 -95 
-85 -147 
-06 146 
-113 020 
121 -42 
052 087 
-124 090 
-91 038 
115 143 
-37 015 
068 031 
073 146 
-34 020 
086 085 
-62 -42 
-02 -28 
089 090 
-104 -39 
-113 141 
019 031 
-78 098 
137 023 
109 -39 
081 -138 
-01 -136 
-85 095 
130 020 
083 -92 
-146 085 
047 -15 
-143 090 
060 -76 
046 026 
-102 -138 
-37 028 
-139 -20 
021 -31 
-48 098 
034 -92 
042 028 
116 -23 
083 029 
-99 052 
-55 095 
-141 055 
-102 -17 
-130 -79 
-139 101 
-01 106 
-54 -84 
-77 -68 
129 037 
093 114 
-102 104 
132 042 
032 104 
-72 -17 
-67 098 
134 -141 
-40 -65 
034 -79 
-109 101 
-90 114 
-16 063 
-93 045 
069 -122 
014 -58 
-74 058 
-14 109 
013 -17 
145 102 
-72 104 
002 053 
-100 042 
-81 055 
034 042 
120 045 
-21 106 
-123 058 
111 -04 
-137 -106 
105 -78 
027 002 
118 120 
-116 -47 
066 -70 
145 -06 
-70 069 
057 -119 
076 -106 
-133 -14 
120 -63 
106 002 
-142 -63 
-10 056 
069 120 
-19 007 
008 110 
-06 -54 
011 115 
-144 012 
043 067 
-100 055 
-92 -121 
-73 -108 
087 -119 
-142 058 
106 -106 
133 -03 
064 126 
-38 115 
-19 128 
094 005 
-47 066 
-61 131 
099 120 
-08 -06 
118 133 
011 007 
-89 069 
121 -121 
098 -105 
084 -03 
015 -103 
006 077 
018 131 
-101 -49 
064 018 
-38 007 
-126 123 
-140 -41 
-80 010 
121 000 
030 141 
-122 013 
112 -49 
084 118 
-105 -47 
103 131 
115 -44 
-73 -95 
106 136 
054 -54 
073 -41 
059 061 
-115 137 
-15 075 
100 062 
064 139 
-117 064 
017 064 
077 078 
-126 015 
130 -59 
-94 -33 
057 136 
098 137 
-138 126 
-64 075 
098 -92 
-04 126 
-97 -102 
040 -97 
-134 016 
141 -45 
-148 -148 
-02 -94 
072 -145 
-145 -143 
135 -89 
-55 016 
-138 018 
-64 -33 
051 -83 
-18 083 
-125 -43 
-20 -27 
021 011 
-67 -102 
086 140 
-57 091 
-35 -150 
-104 016 
-30 -35 
-85 029 
140 147 
102 -145 
-22 085 
019 086 
074 022 
-09 024 
010 037 
-23 089 
-37 -38 
-87 104 
067 019 
-01 148 
-136 -81 
072 -132 
070 024 
-16 -16 
-146 140 
129 -150 
104 022 
040 037 
007 -140 
-81 -24 
125 081 
-63 030 
056 -19 
-44 043 
-132 -70 
-33 -91 
-75 -88 
-116 -126 
049 -22 
-139 -73 
114 107 
-48 045 
-150 034 
039 -67 
037 089 
-132 051 
-27 104 
014 105 
-69 107 
005 056 
113 -145 
032 -70 
071 -142 
081 051 
-100 -24 
-81 -11 
034 -24 
-54 092 
-54 -137 
-16 118 
-123 -08 
037 -19 
056 -06 
097 -05 
-65 -67 
014 -03 
-74 -116 
-130 -11 
150 043 
092 038 
-49 062 
-123 113 
097 116 
064 -61 
097 -113 
009 040 
-135 -05 
-116 008 
030 062 
-144 -54 
-70 -105 
-72 051 
-40 003 
105 -131 
-24 -53 
036 -02 
-126 -64 
127 116 
-107 -51 
094 -61 
-47 000 
025 105 
099 054 
-135 -113 
-03 006 
-100 110 
103 -56 
120 113 
-73 -53 
-13 -02 
-49 075 
-82 -102 
050 054 
055 132 
077 -109 
022 -45 
127 008 
025 -03 
085 011 
115 119 
015 -48 
142 -07 
087 057 
-29 -118 
064 073 
-24 -40 
017 -02 
127 129 
094 -48 
140 068 
107 -109 
-103 081 
-110 -107 
-73 -40 
-82 140 
077 -96 
-66 -145 
-39 -42 
-94 022 
011 075 
107 012 
-36 -37 
-31 078 
-64 -99 
-119 -35 
-128 145 
-87 146 
-34 009 
-43 -40 
-98 024 
-01 -39 
058 012 
077 025 
-30 -101 
089 -150 
116 -47 
-80 078 
-94 143 
121 068 
033 -45 
-83 009 
082 076 
-78 -142 
-134 -37 
-48 -34 
067 -47 
058 133 
-131 -32 
-76 -96 
-16 -82 
149 022 
-118 -93 
135 087 
028 -39 
102 -90 
088 012 
079 -37 
137 -96 
051 -136 
-120 -18 
-48 087 
114 -80 
026 036 
-136 -26 
-150 076 
-16 039 
-90 -139 
102 031 
129 -95 
-14 -144 
065 149 
046 -93 
-42 023 
-124 -16 
-143 -29 
051 -15 
123 090 
-111 -77 
-106 038 
021 079 
012 030 
-21 -147 
070 -29 
-118 -80 
023 -141 
143 -76 
093 103 
013 -149 
118 -133 
-125 146 
-51 095 
035 098 
109 084 
035 -131 
-07 -128 
-150 089 
-76 038 
111 -136 
-132 106 
-46 146 
-05 -82 
-60 -18 
069 -133 
041 034 
005 111 
-42 036 
104 090 
136 042 
-100 031 
-95 -120 
125 149 
-90 -05 
009 -26 
-79 090 
143 -63 
041 -74 
-47 042 
-116 -58 
-130 044 
-56 -07 
-70 058 
-84 -69 
002 -66 
-12 036 
048 050 
-95 001 
-109 103 
-35 052 
-82 -60 
-96 042 
-05 -69 
069 -120 
025 039 
-116 063 
-144 001 
016 -10 
030 -112 
-70 -50 
145 -125 
-81 057 
037 049 
124 -63 
069 001 
036 053 
096 104 
-93 -61 
-52 -60 
055 066 
127 -58 
013 106 
025 -69 
030 009 
-54 052 
106 004 
111 119 
133 -122 
119 -57 
036 -55 
-52 061 
-19 009 
108 050 
-121 -02 
-03 -47 
002 068 
084 -122 
122 133 
-133 -120 
-147 -55 
128 -116 
059 050 
045 -114 
-98 066 
017 053 
036 066 
108 -58 
094 007 
-80 120 
-61 133 
-03 074 
-122 -106 
038 -117 
076 138 
142 -60 
001 -36 
-117 -55 
-24 -93 
149 064 
-94 077 
085 079 
033 -111 
-83 -57 
103 133 
-119 020 
-133 122 
-45 -31 
-147 -42 
054 -52 
-134 -103 
064 141 
-117 066 
-148 -38 
031 -36 
-38 130 
075 007 
149 -44 
-25 069 
-39 134 
-58 -108 
061 072 
-94 -31 
-22 074 
-122 136 
-83 064 
-37 -49 
-147 079 
-73 028 
128 018 
-87 093 
114 083 
040 -95 
-15 -31 
-129 133 
091 136 
-71 074 
-113 077 
080 -23 
-146 -100 
148 -148 
-69 -146 
-83 -44 
-106 -28 
-32 -79 
021 013 
100 077 
053 -35 
-131 144 
-35 -148 
089 147 
-145 -20 
-44 032 
047 150 
-146 021 
047 -79 
-41 037 
088 -41 
-141 -130 
-143 026 
-14 -89 
-56 -86 
-23 -138 
-125 080 
068 -20 
007 -30 
-134 031 
-01 150 
-131 036 
070 026 
056 091 
-46 -149 
074 -84 
146 021 
046 083 
065 096 
-42 -30 
118 -78 
109 139 
053 -22 
028 150 
102 099 
-146 034 
069 -78 
129 -27 
-93 -140 
-143 039 
027 -75 
146 -87 
145 -83 
-125 093 
134 024 
048 -16 
037 091 
-142 -140 
056 104 
-123 -127 
138 -86 
083 -22 
-05 -135 
-74 -06 
096 -83 
146 034 
060 -06 
-111 112 
071 -140 
081 053 
134 145 
134 -84 
-16 120 
-137 059 
-96 -132 
-77 -119 
-93 -127 
127 -124 
044 107 
-116 -111 
-17 -132 
136 110 
002 -119 
-100 099 
043 -118 
-81 112 
122 -54 
117 -132 
-86 -03 
-40 -116 
106 -62 
-10 -08 
119 -123 
-65 056 
014 120 
-47 110 
-28 123 
085 000 
-89 113 
103 054 
-133 043 
120 -06 
006 121 
-68 -57 
059 -16 
-82 008 
-77 123 
-79 050 
-80 054 
025 107 
-135 -111 
085 -108 
052 -56 
-89 005 
-50 -67 
076 072 
043 -105 
-100 112 
029 -03 
-128 013 
-15 -110 
100 -123 
-65 069 
091 057 
-06 124 
112 116 
131 129 
079 -61 
024 003 
098 -48 
-114 069 
142 -05 
054 -118 
-43 -51 
-38 064 
036 013 
-112 078 
-140 016 
149 -110 
-80 067 
085 134 
068 -99 
-87 027 
-101 129 
073 016 
077 135 
130 -02 
-140 137 
-58 -53 
033 065 
-45 145 
115 134 
-18 019 
-87 148 
073 137 
095 -104 
-15 024 
-117 013 
-01 -37 
089 081 
022 091 
130 -110 
116 -45 
-46 -107 
066 134 
-127 -32 
148 -93 
019 022 
098 086 
-124 -27 
-09 -40 
-78 089 
137 014 
-87 040 
-48 -32 
026 -83 
-148 030 
086 -32 
077 148 
-57 -81 
-11 035 
042 -102 
033 078 
074 -150 
-110 029 
-32 097 
128 086 
007 025 
-109 -150 
-145 -73 
-30 -86 
-27 148 
088 135 
028 -145 
-46 -94 
-141 046 
013 -39 
-42 025 
-78 102 
049 -86 
-84 028 
035 -21 
150 -34 
040 094 
-02 097 
058 148 
-104 086 
-16 -67 
088 027 
-69 043 
005 -08 
013 -147 
032 -134 
090 036 
141 038 
-54 028 
120 -85 
096 -28 
041 036 
-107 -128 
-33 -142 
113 -88 
123 105 
090 -72 
062 095 
-100 033 
-133 -144 
-95 -118 
023 -126 
-65 -10 
-05 041 
096 -136 
-74 -59 
-102 108 
-116 -56 
085 -66 
030 -02 
-07 116 
-95 003 
-35 054 
-68 -123 
018 -120 
-96 044 
-33 100 
027 114 
-149 -112 
071 -72 
076 006 
136 057 
048 -56 
-73 -117 
039 124 
106 114 
-68 -01 
064 -112 
096 106 
-52 -58 
027 006 
013 108 
099 111 
-108 047 
-122 -117 
084 -12 
-59 -61 
-114 003 
-43 -117 
091 -117 
110 -104 
145 119 
-103 017 
112 -58 
043 071 
084 -120 
-114 124 
-82 076 
-10 -48 
091 004 
-19 132 
110 017 
075 -04 
052 012 
-36 -101 
-31 014 
084 001 
-04 -112 
073 071 
018 135 
-29 060 
-10 073 
105 060 
-112 025 
-25 -50 
-113 066 
052 133 
093 -95 
024 071 
-83 -55 
010 136 
-32 -90 
100 066 
045 130 
072 -33 
022 146 
116 010 
146 -111 
-50 014 
-124 028 
-78 -85 
-87 095 
128 020 
-48 023 
114 -144 
012 074 
141 -41 
-136 -90 
072 088 
003 025 
-41 -82 
-91 097 
-69 -144 
-09 -93 
051 -79 
-51 139 
-51 -90 
-139 026 
150 -100 
-67 -98 
-48 -85 
-76 082 
-02 031 
070 136 
003 146 
121 138 
-132 -79 
143 -140 
-55 141 
-14 -87 
046 -36 
-138 143 
032 029 
-97 144 
082 146 
150 021 
-20 098 
021 136 
-139 -82 
007 -28 
-104 141 
116 144 
009 018 
-58 028 
047 044 
146 023 
141 093 
-26 -84 
-21 031 
039 045 
097 -14 
083 088 
-60 039 
014 -12 
000 090 
-141 114 
118 045 
090 -17 
-20 111 
-53 -66 
103 -78 
048 -14 
122 -65 
053 101 
-109 039 
006 -11 
-123 -125 
-96 -22 
-132 055 
028 044 
-79 -82 
060 -04 
-102 -66 
113 -141 
-75 037 
104 039 
-70 115 
-84 -12 
048 107 
034 -20 
120 -17 
020 045 
039 058 
018 -65 
-137 061 
138 037 
-10 -127 
-74 117 
096 040 
-52 -124 
108 -135 
008 -73 
113 -20 
-61 056 
-135 -122 
025 -133 
145 -68 
090 -04 
117 099 
139 117 
092 042 
-49 066 
124 -06 
066 -11 
140 -62 
-89 115 
-72 055 
001 008 
-10 115 
105 102 
143 128 
-24 -49 
036 002 
022 067 
-08 -68 
-22 -03 
-89 007 
-110 -116 
131 010 
115 002 
120 117 
-18 -113 
059 107 
-82 131 
119 -108 
058 -118 
-47 125 
-25 -116 
-122 -49 
131 131 
098 -46 
040 -51 
114 -102 
105 115 
-43 -49 
-52 131 
-145 -97 
-30 -110 
-126 -47 
-71 -111 
-39 070 
033 -54 
-110 -103 
-83 000 
-138 064 
-64 013 
-45 026 
082 067 
-59 128 
-101 131 
-15 -95 
-115 -33 
-98 136 
077 137 
-126 074 
144 -102 
088 003 
-08 066 
-110 018 
-78 -30 
-147 136 
054 126 
-87 150 
086 078 
031 142 
-71 131 
077 029 
-85 -33 
-44 -32 
116 -43 
047 -143 
-110 139 
-37 -100 
049 -97 
109 -46 
-106 029 
141 135 
-76 137 
061 142 
135 091 
-146 078 
148 030 
-106 150 
054 139 
-48 091 
-136 -22 
139 -83 
130 134 
089 096 
047 099 
107 150 
-69 -76 
013 -37 
051 -11 
104 -148 
-111 -73 
-70 -72 
141 148 
-81 035 
122 -131 
-02 099 
072 048 
125 140 
023 -137 
-79 -148 
-60 -135 
113 022 
-42 -81 
-56 -16 
-67 091 
034 143 
-109 094 
139 -70 
039 -08 
-90 107 
-142 -83 
028 099 
102 048 
-33 089 
123 107 
016 -19 
-70 -59 
-21 099 
-114 -129 
-128 -64 
-63 102 
096 095 
-93 -70 
022 -120 
-33 -19 
-74 -57 
-61 -118 
085 -64 
103 -10 
-133 -21 
-77 059 
138 -16 
105 036 
-98 -64 
017 -77 
036 -64 
055 -51 
-121 -11 
-06 -61 
-08 -134 
030 121 
011 -121 
057 -05 
002 059 
043 060 
-45 -53 
103 -118 
015 -01 
-59 049 
015 -02 
-13 -64 
073 -61 
-142 051 
004 105 
017 044 
-24 006 
-112 -107 
-80 -118 
066 -64 
085 -51 
-03 065 
126 -50 
-36 -112 
043 -48 
-86 067 
-128 070 
045 -01 
105 049 
091 114 
-43 -115 
112 -56 
-105 -54 
119 068 
-115 -99 
-80 124 
-39 -104 
047 -101 
-03 078 
-55 -112 
057 129 
079 -112 
-18 -45 
021 -117 
133 124 
012 063 
-02 -101 
-11 079 
-140 -35 
-25 -48 
-113 068 
135 -96 
-22 -43 
019 -42 
-37 063 
087 129 
147 143 
-117 070 
-131 135 
072 -31 
019 -150 
-69 -34 
063 122 
-106 084 
040 138 
-20 -142 
067 012 
-136 -88 
-76 -37 
-30 079 
-11 092 
-60 -93 
148 085 
000 -42 
-69 -142 
051 -77 
-92 140 
049 -150 
-139 028 
150 -98 
114 -21 
026 095 
-81 -31 
125 074 
144 087 
070 -91 
-104 022 
102 090 
060 -136 
-69 -21 
049 -29 
002 -141 
062 -90 
134 015 
122 -76 
-07 039 
-136 -75 
-145 105 
111 031 
037 -147 
-146 146 
102 -18 
-79 -93 
074 149 
118 -74 
090 093 
090 -136 
-12 -147 
-86 -133 
-26 -82 
-07 -69 
-54 -144 
144 100 
006 -130 
143 -125 
-121 031 
127 -133 
118 047 
-130 -18 
-70 -04 
-20 113 
062 -77 
134 028 
120 093 
106 -71 
092 031 
078 -133 
097 -120 
050 034 
-19 -66 
-74 -02 
-14 049 
-06 -127 
090 106 
071 -136 
112 -135 
-86 -120 
029 -133 
020 047 
-142 -15 
059 -25 
092 -77 
105 -138 
036 -09 
055 004 
041 106 
-74 119 
127 -120 
-102 057 
-08 -79 
066 -130 
016 049 
057 050 
-84 111 
117 101 
024 -127 
-81 116 
139 119 
001 -111 
-13 -09 
-142 106 
-68 055 
087 -71 
-101 -122 
-10 -04 
110 061 
-25 -127 
140 -60 
030 068 
112 -122 
-105 109 
-31 058 
-103 -47 
029 109 
-40 009 
001 010 
-128 -104 
-129 -63 
091 -60 
-80 058 
094 -55 
-113 -119 
-94 -106 
033 -65 
066 -117 
-110 -114 
115 004 
015 066 
101 069 
-37 -124 
001 131 
-13 004 
-101 120 
017 112 
-52 012 
079 -57 
098 -44 
-138 -55 
128 064 
-106 -103 
-87 -90 
-148 -100 
-24 -34 
017 004 
-112 082 
-104 -57 
121 061 
-138 066 
101 082 
049 -108 
-106 018 
054 007 
-48 -41 
125 -113 
089 -36 
-11 026 
149 015 
-06 141 
080 144 
102 -97 
088 005 
-110 020 
093 -146 
-91 033 
082 -39 
049 013 
-125 -103 
128 077 
073 141 
-139 -38 
147 090 
026 029 
141 016 
-07 -148 
053 -97 
149 136 
-46 -103 
-146 -41 
047 088 
074 -38 
-55 077 
005 -138 
063 069 
-23 029 
-111 -84 
-106 031 
150 -43 
-34 136 
114 034 
-67 -41 
-62 074 
072 037 
-109 -38 
-35 -89 
070 -36 
-44 -138 
028 -33 
019 147 
093 096 
-55 -31 
132 024 
044 -89 
-51 088 
-12 016 
007 029 
086 093 
-136 -20 
-16 045 
056 150 
009 075 
-99 047 
-58 085 
-46 139 
-75 -148 
123 096 
-20 047 
062 086 
021 085 
-120 109 
-95 -127 
125 142 
-96 -86 
-146 093 
-05 032 
-33 -30 
-143 098 
051 112 
044 -76 
099 -140 
145 -24 
062 -22 
-26 094 
134 083 
136 -73 
-26 -135 
-100 -84 
-67 093 
-49 110 
023 -14 
124 038 
008 -137 
-102 -09 
013 -22 
099 -19 
104 096 
016 -17 
-53 112 
076 -03 
-31 -129 
-72 -130 
-81 050 
037 042 
023 107 
105 -83 
-79 096 
110 -05 
108 -78 
-80 -129 
066 -75 
-149 000 
-116 -52 
-144 115 
145 -11 
076 118 
-72 -09 
098 -123 
015 -121 
101 -118 
-142 -68 
-65 115 
064 000 
-24 -113 
091 -126 
094 -121 
-06 -59 
140 -05 
-17 048 
002 061 
122 126 
-92 -126 
-95 128 
087 -124 
059 043 
-107 010 
022 -105 
-121 112 
094 000 
-110 -59 
-36 -110 
079 -123 
115 059 
-59 -57 
087 -03 
045 000 
064 013 
-117 -62 
-57 -48 
-38 002 
-126 118 
-112 016 
022 016 
-85 -110 
075 -121 
024 062 
142 054 
054 -59 
-134 -110 
-115 -97 
022 137 
003 -105 
-112 -92 
075 000 
-66 024 
-71 -54 
-06 075 
121 -113 
-122 129 
-138 121 
115 072 
063 -118 
-32 022 
128 011 
-120 -91 
-115 024 
-62 116 
031 078 
-62 -113 
-131 016 
-01 -99 
-57 -35 
130 057 
052 137 
019 -40 
-64 -38 
142 067 
-51 -99 
114 -32 
086 -94 
003 137 
-90 -91 
077 086 
-85 024 
-58 127 
-132 -88 
-58 -102 
-36 145 
-88 -45 
-138 134 
-64 083 
021 -102 
-20 -140 
141 -37 
-81 -150 
-02 143 
-76 -35 
-90 030 
130 070 
-46 073 
-27 086 
047 035 
-42 -37 
137 -35 
051 -75 
123 030 
-70 -136 
-84 -34 
095 -32 
-34 083 
026 097 
086 148 
-150 137 
139 -26 
-57 099 
116 027 
-146 027 
143 -136 
-141 105 
060 -134 
-102 033 
-42 084 
035 038 
136 090 
081 -75 
-21 143 
-142 -147 
-30 094 
056 097 
009 022 
028 035 
146 027 
049 094 
134 -91 
-95 049 
120 -26 
-35 100 
-123 -13 
-10 -136 
143 106 
124 -136 
069 -72 
-19 044 
108 -144 
113 -29 
-28 -05 
132 -16 
032 046 
-130 -16 
-70 -02 
090 -13 
-100 092 
034 092 
120 -134 
-54 -21 
138 -80 
-38 -77 
132 105 
-116 003 
-89 106 
076 -56 
006 -115 
108 098 
041 108 
055 006 
-107 -56 
-80 047 
-89 -01 
038 039 
085 -115 
-17 103 
002 116 
126 -114 
024 -125 
131 001 
-100 105 
-13 -07 
097 124 
045 -66 
050 049 
-71 -12 
-52 001 
022 -50 
-107 065 
027 065 
-61 -48 
066 -07 
-03 -107 
-50 047 
131 122 
112 -120 
103 060 
-13 114 
073 -112 
-117 -07 
127 124 
-61 073 
066 114 
010 -47 
-04 055 
115 006 
-37 -122 
-147 006 
068 -106 
-101 122 
045 -53 
-71 001 
003 -50 
-140 130 
-66 079 
-08 057 
-94 017 
033 058 
079 -55 
-105 124 
101 -37 
095 -111 
-15 017 
119 017 
022 084 
-85 -42 
-140 022 
-94 138 
-127 -39 
-22 014 
-55 066 
093 -36 
-09 -47 
010 -34 
-18 133 
-02 077 
102 -95 
033 071 
000 -106 
093 -144 
063 -50 
128 079 
073 143 
141 018 
-02 -31 
-71 135 
070 074 
037 -103 
-145 -80 
116 -39 
-41 -23 
019 028 
046 131 
-14 -149 
-130 -95 
-56 -146 
-106 033 
-20 036 
-53 -141 
122 -140 
-07 -25 
053 026 
125 -98 
037 018 
-46 020 
-60 -144 
005 -15 
-102 -141 
044 -87 
104 -36 
076 -135 
-67 082 
117 -97 
026 044 
-26 -146 
-150 084 
-109 085 
020 -30 
-30 149 
037 -90 
138 -38 
-05 -87 
-88 144 
-47 -84 
090 -79 
021 087 
081 101 
-67 -26 
062 -141 
020 091 
-35 -74 
106 -135 
006 -73 
-96 -84 
138 -146 
-132 -07 
000 149 
