100 2
-38 49
18 44
14 -42
0 -50
-48 -8
-30 0
-2 16
1 33
-21 -43
28 -50
11 -2
-23 14
-30 30
26 -48
46 -21
31 -31
39 37
-41 35
15 9
-3 -27
-33 33
30 -21
42 -19
-13 11
42 -10
-17 -23
-41 -45
-31 -13
3 28
-3 21
-11 -8
-45 33
25 -33
-42 -20
-31 -11
-17 -12
11 4
36 27
22 0
-27 -5
0 -12
2 6
-44 -16
37 37
-12 -2
11 -28
-14 -9
21 22
-31 48
-1 29
-47 -40
18 4
-49 26
-17 40
-11 28
39 -14
47 33
17 29
38 6
-46 34
26 22
1 41
41 4
-2 -22
-46 18
23 -20
26 -49
-42 -37
-23 -24
35 -37
-34 -45
-2 -47
-49 -34
-31 36
-31 45
35 45
-21 -24
-10 -24
18 -8
2 5
3 -12
49 -36
38 -36
-47 -22
-7 -23
25 46
39 -26
7 -15
-43 -16
-17 12
-45 32
-19 -4
-7 -39
36 -50
-18 34
-27 10
-20 -49
-32 16
-28 -23
-8 26