80 2
27 -69
-23 -70
-80 24
-66 -69
6 11
-59 -45
-81 -48
47 27
11 62
100 -25
-4 67
42 -21
96 -20
54 72
10 47
86 -22
98 7
-91 -39
-19 32
-98 4
-4 87
-71 79
-42 -59
44 -47
36 -85
-48 62
-42 78
-98 15
-13 -39
-28 -95
72 47
100 -80
36 -74
39 -30
32 59
92 89
12 99
-87 -60
-35 -13
28 25
-80 -82
-88 -22
-52 71
-93 -55
-77 26
-62 79
-39 83
41 82
93 28
-54 -79
-95 20
-75 -63
-53 10
-34 -10
76 -96
17 -81
-40 22
-91 -54
17 -97
-28 -84
-8 -35
-89 95
-40 88
-36 -52
-53 -59
-37 44
79 72
54 -67
-60 -25
5 -15
10 -89
61 66
71 -12
-64 62
66 74
-80 29
88 34
0 49
63 32
-84 -12
