10000 2
-14 -15
567 -787
-863 942
916 -145
-380 -136
898 481
865 75
904 -263
-726 -130
570 386
-576 -829
-436 871
541 99
150 214
669 513
-133 -138
-181 868
-493 -710
818 84
-242 858
481 -999
-748 232
-772 -354
102 402
420 977
404 740
-696 -396
-471 -278
986 607
-55 -592
638 -665
-881 -405
311 926
22 823
753 -190
336 690
369 638
956 -383
-856 527
765 -180
11 112
336 -586
246 689
-880 318
37 286
-137 362
267 977
759 685
222 -981
-181 63
-386 826
-116 421
-130 523
-309 292
279 -999
910 -193
-876 -85
64 15
-527 -978
256 185
-336 539
268 -744
-713 323
685 -190
587 -762
-649 -968
-777 15
173 -631
-770 728
-84 -287
140 -808
518 572
993 865
-817 387
561 942
762 932
304 -700
321 701
866 760
749 -808
-86 542
557 419
505 229
854 642
554 121
-255 -277
177 134
-993 511
827 -767
-145 -146
-729 -426
-174 -433
734 -56
-220 848
-141 912
382 953
-138 -803
-753 -433
-877 -203
-144 614
866 -984
790 -565
-270 -20
720 -99
723 -353
-958 -946
697 412
150 -215
-605 -791
-167 78
-760 -436
215 897
-640 154
-484 667
44 786
811 433
-547 -207
-740 152
-661 445
-405 -87
-85 -900
-481 -900
-605 -670
269 86
-662 -9
-404 515
668 -397
594 -612
597 -866
-697 -259
189 -432
670 -388
-500 -240
-421 53
444 -960
17 -502
-866 871
677 -227
104 140
873 -581
190 -840
-34 206
-117 437
924 -616
545 556
450 -270
-123 97
577 -953
107 330
843 -568
-508 700
481 -18
-801 -111
-833 351
-231 685
-355 915
-613 354
-168 741
422 -211
966 670
470 503
-714 -479
86 -655
213 -614
10 747
-71 -373
538 903
-904 821
-193 -70
-1000 884
-295 -118
868 549
-424 -3
457 -483
-815 112
-866 -873
881 -973
122 -59
569 -831
705 787
70 276
947 549
-640 -409
-31 867
-224 701
-119 754
729 326
266 336
338 441
-753 882
-538 770
-569 -758
518 -904
-752 -465
542 -547
-159 574
653 452
-495 359
-494 180
910 -259
459 -195
-694 -403
742 -661
711 -240
-755 -908
-454 252
-295 245
-171 577
-448 -226
598 -935
990 380
702 -841
-466 134
258 165
386 350
943 -779
638 342
-80 291
123 879
-179 -698
-305 883
502 417
-782 -503
-529 -323
596 52
441 178
427 243
-334 -636
282 -633
949 813
-436 -913
395 -756
346 291
-270 -207
-661 137
886 -519
953 703
-810 -215
946 700
478 -866
-674 -435
281 17
735 -530
-716 93
744 421
-440 900
-925 -835
231 839
-378 -666
413 358
-986 -320
915 -478
543 -350
787 10
-199 962
-278 440
-220 -373
841 246
-295 -547
-937 215
-357 561
-32 92
-865 91
635 -640
-745 156
-220 795
-258 274
-670 -717
-333 100
966 362
307 -506
703 -506
-755 636
-284 258
698 813
-243 30
-687 -950
746 -688
-616 916
418 944
468 -925
58 372
-787 805
-739 -430
92 -273
648 -321
718 418
971 598
-3 621
-325 341
184 484
443 -339
-63 -965
937 721
816 -323
687 -208
413 721
982 -583
507 90
954 -682
-84 -903
-559 790
-371 -408
351 -975
-924 -126
-809 -405
-422 795
710 -103
-956 336
431 445
-519 862
575 -328
728 -315
791 -30
-18 -428
978 -433
682 737
-662 -988
308 267
554 -495
-776 -336
713 -502
-323 400
-222 452
841 -317
476 -967
70 560
-23 -651
-983 -693
-49 114
458 -607
-848 929
370 -720
-755 891
316 -17
-572 -708
-326 516
223 -474
677 -38
-147 747
-552 698
643 -440
-916 650
211 -592
-437 769
-26 111
564 -841
-577 237
204 573
-579 -102
-618 -582
946 392
472 738
-106 761
-667 199
9 -713
-46 -649
315 525
-861 599
-82 71
727 -312
942 -424
393 566
262 -183
279 -997
69 -578
-671 -617
-902 948
-410 -576
-202 356
842 806
171 638
-461 -393
-19 477
-281 477
-348 -745
-269 -452
-35 -514
139 -627
49 877
-283 -616
381 -865
730 -940
48 652
817 -298
-355 -519
189 133
-402 -860
288 112
-185 -337
-512 -732
30 -678
-540 -794
-420 25
-854 965
-699 610
371 -937
712 -873
216 -811
328 -570
307 -693
458 937
386 -629
-664 833
-289 -44
-819 959
211 13
-23 -154
899 121
-122 -914
-363 946
583 824
-47 657
-16 -30
540 -41
-622 197
-479 734
653 -164
-772 -794
615 -685
-525 -954
-4 475
939 873
-563 511
-742 -952
151 -146
-983 -75
118 -323
25 -514
393 -347
155 239
100 303
704 -980
368 -929
26 -141
-439 25
-563 -536
-849 -139
-998 -491
-568 554
757 -215
153 839
-97 139
-435 -903
62 -97
661 491
968 -813
-605 608
-297 724
-719 506
-67 957
707 -211
-160 -25
-859 -63
-756 -608
-65 966
306 384
397 539
-209 958
-804 -649
911 760
-579 -302
773 301
854 -40
-669 973
432 -29
676 597
-819 -772
-255 -959
194 853
-135 -140
849 259
732 -555
-617 -409
-857 -125
12 324
389 -507
-153 -827
502 -896
779 -322
407 35
479 -614
357 443
945 613
-167 443
-246 -79
741 554
818 -209
539 -856
840 304
229 150
-754 353
-689 748
412 271
-696 -689
527 221
-330 -366
-936 -405
-563 69
3 746
956 600
-455 -361
235 -180
701 -673
123 -650
415 690
845 503
-819 -638
-771 305
-167 -712
122 -875
347 -491
-92 859
-810 579
458 508
856 554
-947 -968
753 -362
431 -413
-395 -226
630 965
-43 -67
857 -305
-778 -516
657 344
-47 228
338 564
443 -137
811 -7
-15 934
57 285
-422 287
-975 -680
513 272
-428 -511
526 -18
435 352
818 -664
412 634
849 635
721 -597
360 -51
845 -302
604 575
910 93
-382 -688
-210 -167
751 -947
-189 -108
-902 -44
846 -710
-68 -636
348 -987
-685 -339
-377 -223
-93 -693
134 518
-520 960
-906 -567
987 -61
-667 -551
267 -939
57 -749
-941 903
-449 840
-740 893
-453 -97
-761 -442
-801 388
976 689
993 -125
335 -620
-856 -329
-467 678
59 465
455 465
-631 18
-428 -148
602 -828
-905 452
891 995
-816 -782
-329 -435
669 -101
906 -417
345 -225
-574 -495
356 836
41 -222
399 -743
-406 -911
421 -230
94 -625
73 484
343 116
582 361
-399 674
-471 -892
711 -801
919 168
513 -520
-732 -546
121 -859
877 -876
116 194
831 176
-630 -148
280 302
-92 430
641 15
-80 -499
-11 -894
682 -213
-684 289
-84 25
145 -381
363 -976
-807 -828
547 -630
-420 335
636 -144
-813 -643
661 -380
616 372
382 205
531 -224
-507 43
-877 -951
734 -683
663 834
262 261
-588 -175
-432 338
127 -193
760 -509
925 -967
161 852
672 -393
-252 -778
546 434
489 -100
730 780
-891 992
351 -34
-492 472
927 -921
-174 -939
829 493
-269 221
-391 -937
-37 -668
825 788
-748 223
866 -672
747 -852
759 434
-635 -129
793 18
227 -659
120 972
-235 744
-815 169
-574 -937
250 264
828 -25
790 915
-351 798
-618 454
-322 -716
139 167
-822 -100
-733 652
719 -76
586 -191
333 154
922 963
163 911
-594 703
693 -321
-959 16
454 -603
-129 -15
-841 -221
105 -77
-809 -269
383 -133
-994 -49
-958 -392
828 -12
778 -358
-697 174
-897 786
-142 167
-438 -878
347 -423
340 -648
-197 -587
350 -418
-936 13
521 861
-802 13
-692 373
-510 121
922 158
-186 -802
574 872
-44 -453
-230 -872
40 938
-729 -556
-473 -630
-666 -271
242 -648
839 -658
-799 368
271 -176
-390 78
661 238
581 -14
734 982
241 820
941 -526
719 -868
999 -814
-968 451
623 -162
-611 725
-305 14
488 -350
706 -945
663 405
-648 843
792 290
-762 -491
236 597
962 472
999 -693
-534 541
150 944
437 -46
471 -462
-224 208
-102 -95
440 -41
550 -398
-675 43
586 -970
-834 -539
155 241
-81 -36
-745 -16
259 69
369 200
112 544
-425 -893
98 -667
-131 264
-847 57
-286 390
947 298
-263 -444
-177 791
231 -138
919 465
945 -795
-386 159
560 303
-25 -616
-236 332
-76 321
-864 800
-326 -608
-78 -772
-44 273
-679 -238
-244 -310
529 845
-820 -470
-394 -133
-931 -72
-623 44
232 558
-255 211
894 943
550 904
-299 -125
69 42
270 32
-955 473
493 -448
-118 -831
-803 -705
375 499
177 514
500 -553
238 -553
966 674
496 -258
-29 -143
850 728
-121 39
-37 676
658 -489
-249 756
-755 130
-249 527
246 735
862 967
-176 -715
400 155
775 -722
-631 -585
526 -29
208 -833
-345 415
250 561
947 -494
436 751
881 -848
-81 461
187 -771
-547 173
877 844
583 397
-687 -396
-212 -103
-675 890
-163 284
-848 181
-389 466
-260 122
-376 176
49 -355
670 -8
885 -83
403 -352
-160 703
-232 -863
-339 -989
669 -233
760 -78
-346 -763
318 220
304 56
-165 480
-437 -208
-826 734
-229 724
407 413
-700 321
365 416
659 634
530 749
547 164
-272 -693
480 -829
70 993
836 -228
531 -598
78 359
-707 547
-134 180
-539 131
639 103
329 880
365 537
20 539
161 249
-574 783
-971 100
-39 80
716 -576
231 -325
-836 -493
-833 973
8 -397
-866 796
106 434
911 -593
99 -508
-571 -74
-499 -723
-644 845
478 -741
-319 147
534 63
-211 -320
-733 278
-365 -787
94 -731
837 774
606 878
-59 -330
-92 -507
469 -440
-555 28
606 60
-244 -376
-29 -680
965 407
-414 152
670 489
-270 -887
-838 -176
6 -80
-113 494
-285 -27
-760 683
112 841
-879 -995
695 667
609 -797
438 -679
688 893
-701 445
113 958
-295 867
-165 -70
482 -488
215 -78
-408 697
729 372
-861 -591
500 320
216 561
-932 697
217 -32
879 316
-967 181
110 808
-914 -710
-718 922
345 382
-278 928
-187 292
-762 61
-654 -635
789 544
63 440
-768 283
-746 5
813 672
-330 -309
-46 -779
850 -264
84 -255
477 -361
993 724
398 -883
487 623
783 -547
583 331
903 -482
-66 -115
154 154
-629 711
866 619
539 261
740 -769
-332 934
-928 -632
290 -66
-149 -931
978 42
804 155
-514 405
329 -367
-31 -939
328 -821
-56 465
-944 -226
226 -603
-937 716
-936 123
-542 -741
-544 647
-219 178
-365 649
-536 767
-846 -213
-330 872
88 631
934 -661
-224 773
20 -816
529 -710
-146 -354
334 -949
878 -297
626 391
244 60
-157 -284
388 -713
235 11
-469 -105
487 -1000
924 987
-43 3
134 -364
-288 -582
-706 -570
-185 822
164 710
-149 250
-982 -505
-762 -502
425 522
473 4
531 -772
763 517
911 -780
864 -892
167 -820
392 -702
1 -853
787 56
756 743
837 -581
91 -694
-697 539
-477 542
629 638
121 -815
998 -771
905 -999
831 -948
-171 999
-488 -923
940 -776
343 -995
-667 566
-366 -260
-184 -512
69 -332
846 528
961 -717
536 -452
-49 615
591 -745
117 -399
-790 846
318 -409
-499 -897
323 -331
-140 433
-860 -674
-628 386
-446 97
388 -458
429 -457
517 -573
-999 -833
-562 -78
-313 892
251 476
-995 -189
221 -221
999 598
553 252
-529 -948
873 230
-508 801
280 130
443 -401
-813 690
548 847
319 -208
-617 -647
-452 -85
919 -701
774 601
-248 913
789 -811
648 -262
-679 -357
754 -95
-917 754
-954 872
322 -570
-184 790
-499 -534
-126 731
-181 795
51 -656
-756 335
708 139
-228 454
434 839
995 -851
-557 -768
612 845
579 668
874 27
889 601
268 -12
276 -151
-309 916
256 -130
-326 683
-794 -883
-754 -811
-847 193
-491 -172
-371 122
-999 590
463 -204
-239 278
532 155
-540 57
542 -433
-864 -821
213 560
743 -672
-329 240
533 -253
409 -841
-947 312
88 -253
-483 712
-700 189
-614 0
972 733
-788 -153
-470 -810
591 -945
-497 -4
570 689
-473 353
592 448
905 679
323 -760
-982 -571
-189 -935
-373 476
-294 -463
-158 135
-702 8
160 -522
-479 -509
-123 587
-344 884
690 875
-458 -450
667 -75
75 50
-787 314
711 934
888 338
-523 -394
-833 841
-59 235
-347 -986
429 -765
708 636
682 -814
561 -875
-57 15
920 -528
-648 779
-132 -159
-228 -96
938 280
-748 -391
-588 -668
-399 -732
487 115
-776 -490
-745 846
178 -226
147 195
735 631
803 994
471 292
-6 367
240 -395
-541 -206
-218 713
-201 128
744 -862
309 644
137 123
-283 732
751 -472
-292 -283
558 -113
-466 -436
-351 305
-389 -216
-919 787
-387 382
72 -87
-104 182
-307 -672
-56 896
-708 970
-519 -555
628 -687
658 -808
-865 -24
527 -325
-38 657
-327 554
65 -908
973 -531
461 -972
-579 454
-996 809
217 -393
476 770
-104 195
-92 -734
992 -397
546 -743
341 545
881 1
-466 745
-929 -477
934 830
423 843
994 -351
-770 -713
-509 -672
-901 524
353 784
-946 -939
-960 -837
-981 272
-747 210
156 -548
450 -330
116 319
-635 -138
-24 -250
-807 573
-630 -23
817 137
20 -961
161 964
170 555
667 -854
-841 696
678 436
955 -976
-872 -869
511 -199
285 -771
326 21
-763 -697
-562 -707
-156 -248
-311 632
-289 391
308 381
-322 214
772 -976
827 946
-455 853
-713 63
-920 753
389 720
542 -499
-236 402
817 -789
524 -139
-491 -117
606 196
790 -20
814 -858
-740 347
867 -29
247 263
918 956
988 -557
948 310
-532 -293
643 -555
-510 -9
39 233
161 -70
729 -781
-182 988
105 35
-532 646
-212 -167
674 680
577 747
-896 -863
742 97
-941 -340
-962 769
-448 990
928 452
-800 -216
-592 716
788 -80
282 -706
-338 -414
-925 -211
-778 711
36 -991
648 519
-763 -442
-502 -172
463 -15
802 205
-354 -503
-22 -996
454 919
-248 418
-496 -916
-159 -62
562 -531
837 -592
269 644
676 -15
234 -360
827 154
187 -701
-715 888
486 -405
-815 -740
-757 662
707 466
860 -487
-825 -31
680 -418
-934 965
105 -878
397 -770
426 -69
25 -413
-929 262
234 929
461 -341
139 -392
70 -226
885 -831
580 519
298 -628
728 417
266 63
-364 -333
-230 650
-753 609
190 -979
-619 -852
310 -389
-868 -913
-679 -718
520 589
-50 473
-542 -255
494 -861
-875 -428
916 -458
-91 -612
480 409
494 78
91 368
-985 609
906 -237
130 296
407 833
-825 332
-233 -22
-777 -903
-569 29
-611 32
669 -739
896 472
-627 -730
-341 -602
-615 327
-297 -330
665 310
947 -758
749 718
14 -963
-953 39
67 132
320 312
-444 -838
-532 -722
860 -232
282 -209
-350 975
-541 212
-749 -949
560 -753
-500 -245
-182 559
-67 -915
530 -925
-577 969
-672 -86
167 -563
375 369
-714 442
958 424
-97 -673
-579 -188
-462 397
415 441
-864 94
29 900
213 -740
643 305
-546 403
-765 -422
-655 -779
627 68
-203 513
309 136
-343 210
51 -654
-369 746
320 -493
657 324
242 82
464 949
510 836
128 505
250 202
337 90
103 -77
230 -36
677 949
216 -429
-681 -711
625 493
-943 -452
-885 -999
-264 -652
-777 749
686 -544
114 691
427 922
833 149
910 -156
151 -474
803 -548
433 444
840 539
-132 406
308 678
241 -544
-704 180
-125 567
-175 975
-337 647
-482 -754
-475 188
555 -492
753 -248
348 -68
-674 244
453 -769
88 567
-504 655
-969 821
159 447
980 -84
288 857
190 -469
52 55
-318 -939
420 222
-313 -824
67 629
-291 884
466 863
-271 570
279 -10
616 807
-86 -697
-689 996
173 466
-345 540
842 -422
-963 -556
-774 363
50 -651
-453 714
-290 183
-218 -466
238 -415
16 -528
-189 235
-377 709
-894 190
-216 -915
960 -80
-282 717
485 -831
-35 823
-197 761
986 94
-712 86
960 859
681 -771
-388 412
-780 -607
720 877
-139 887
281 12
-984 -666
-929 -959
-771 -373
-470 -445
-620 25
543 692
913 -529
-491 435
940 99
-290 196
-963 625
-869 489
597 928
-203 84
-766 -322
-238 -920
624 536
601 -414
-80 -627
86 308
-948 88
-320 -609
-661 -673
13 998
-632 -201
689 -180
128 -742
565 -216
401 356
248 -152
844 108
-510 664
-522 -622
-460 256
240 896
-610 497
-524 500
-940 851
-246 -44
-908 -658
-767 513
-411 -606
-752 -899
-857 -427
-935 148
255 -809
905 239
-998 -430
929 596
-551 259
-592 221
177 -729
466 -626
206 -28
-374 -603
340 726
472 128
448 -495
-478 508
-184 726
573 668
609 362
903 543
951 -692
-107 680
-732 857
-400 -885
496 -333
592 129
-220 -15
-859 -2
913 -45
-880 878
566 -153
-604 -5
-697 -196
-882 -13
-557 -482
-459 -139
-303 337
-587 578
-126 -259
-450 812
28 -610
-980 -400
-614 -77
26 512
-289 -546
494 617
-222 -600
-74 52
-489 -944
975 -386
99 209
-6 -73
-453 -762
-182 -299
903 677
409 142
-157 -764
892 784
252 -825
606 427
145 -951
248 453
-243 630
-682 -235
-202 927
-130 278
-192 -600
-765 -233
126 -62
117 384
100 740
397 963
-956 -582
-41 700
-599 -345
829 -198
908 95
-985 114
374 161
-717 602
919 -268
112 -68
43 61
-955 -502
63 -253
-946 715
-540 -812
-811 122
796 -483
-49 -575
668 500
773 -201
-814 -930
-425 831
868 -193
295 928
95 -180
477 -344
-167 -180
-580 176
697 -75
681 -837
-833 -270
-219 -865
300 454
465 -233
482 -818
525 572
728 406
-867 -147
-190 -457
-842 849
-51 -113
718 -834
670 172
632 -349
136 -287
547 -716
-964 -898
-331 772
-87 -854
-163 356
580 400
-217 -927
-460 -160
-436 197
-717 -82
-903 -501
-790 608
689 -475
922 -533
-45 432
423 537
849 -109
-651 -159
187 940
-634 976
104 942
-574 -205
878 299
513 -351
-829 508
69 -328
719 -512
-642 334
839 -410
486 -40
-741 -197
332 -507
991 361
-136 -87
-47 894
501 -55
-168 375
893 -992
-883 -654
827 640
273 -966
584 -579
978 772
539 -56
-210 -669
-76 314
-577 32
755 242
873 234
-127 497
-356 -787
637 -797
-247 -844
-938 699
-976 407
-529 -594
-347 386
1000 -624
-738 235
-556 -17
440 207
-419 217
135 -429
-96 907
685 -514
88 -733
141 554
50 961
-795 869
506 -257
531 -981
-873 -771
192 -676
-779 584
174 -545
303 94
494 -375
-205 856
521 -501
516 -845
994 -281
-517 -463
-835 -358
-262 -991
-763 -519
812 321
631 -737
-116 231
873 -221
162 -313
592 -729
313 -144
-883 998
-324 467
-225 446
-201 803
4 40
14 462
215 223
356 -821
-338 -478
173 226
553 -307
319 51
-22 -242
-293 167
-7 295
674 -539
-127 873
380 152
444 -587
-322 634
108 218
953 -710
-751 -38
764 788
884 853
873 960
720 -302
369 932
-70 -687
-731 -167
-542 486
886 404
-971 80
-173 -169
-149 188
-858 -272
-205 293
56 822
546 -68
-351 175
857 53
-979 606
165 994
557 -697
278 -112
116 55
943 278
-489 884
-59 468
533 114
-835 18
-59 239
-933 -325
202 243
742 -301
558 -122
83 817
205 514
-272 360
337 -579
-926 -659
-739 -567
381 -802
379 586
179 232
196 -353
-219 371
290 477
-503 -620
-299 607
752 50
974 880
17 584
-138 -751
-811 432
-126 306
-212 266
808 -873
405 171
343 -707
-328 320
-801 625
325 -576
426 1
173 -216
164 -36
147 320
320 477
-188 -222
72 146
-164 135
175 -399
-99 264
94 -388
-276 -150
-271 948
-32 439
-476 -504
200 -221
121 -743
-67 -40
-601 -499
705 705
-940 -194
636 80
-123 -201
-870 -953
785 -349
-576 -735
-922 577
-669 794
494 -791
-632 -896
-183 916
-37 253
-987 862
765 -557
-538 459
-757 -891
633 950
134 71
-532 -773
51 -718
147 -256
176 482
480 -339
248 92
-537 280
792 -333
585 128
-733 -413
-630 -958
-861 341
572 832
266 -672
-739 -191
-273 -721
984 776
929 840
380 -385
853 27
739 945
-553 -590
-240 624
-283 -995
930 18
-791 521
-960 -483
-115 -243
-167 -662
467 378
704 -204
-914 -475
-11 753
238 -492
-392 -659
687 -666
-834 945
150 -605
671 558
819 -739
652 316
927 255
784 435
724 155
343 729
864 -94
-303 -466
-107 -820
-40 173
-923 -174
-944 935
264 813
890 309
-545 940
-330 865
-184 165
645 -542
-489 -700
125 -312
705 263
-477 -875
-453 -289
992 -727
-954 -800
250 622
470 -358
974 -596
593 207
882 -185
168 997
85 -758
382 926
-158 -745
614 37
454 802
445 982
-565 594
-66 12
364 -404
362 984
-60 -466
98 120
213 861
-150 809
-976 959
588 -16
-868 -225
911 -558
-79 460
-740 714
-341 423
892 102
296 751
128 120
591 -873
329 110
-15 71
850 -942
-394 -743
975 -8
505 -940
56 -278
355 284
181 131
-535 715
-755 446
664 -947
-468 -278
280 110
528 -54
-558 731
-451 830
170 -809
906 -246
-985 371
-463 -42
-864 -386
25 -288
-223 -390
-328 -672
-210 -680
-936 -784
903 358
824 -164
896 -813
-11 203
362 -747
169 -913
286 426
-595 677
690 250
-250 -860
792 -520
-395 213
-184 891
926 234
-263 369
-442 101
819 -121
-298 -672
-835 -611
693 -526
258 714
225 537
459 475
-680 -64
794 465
-334 21
447 357
-740 -896
209 714
240 27
-278 855
-280 28
105 -161
-483 -826
50 -97
561 607
-931 970
387 491
294 263
213 -857
-39 -435
-545 -536
-244 624
-21 373
-260 -138
-737 691
987 -332
997 127
-395 -592
348 -319
-10 -256
-215 278
707 28
289 40
58 -381
934 -976
-682 -420
-350 53
-792 -292
-420 748
-575 874
877 -571
-163 -902
-148 -594
-238 910
985 130
219 102
164 166
231 -827
-344 -533
347 782
-274 169
-25 910
-990 524
-897 715
353 38
-817 415
609 -265
559 143
576 -671
-818 981
-376 -889
-820 -112
-490 -237
-650 299
-965 -759
-788 -160
46 -486
-970 -460
692 -375
687 -719
-306 -938
-391 644
941 100
760 25
323 -996
-104 -309
-629 772
-428 762
-784 -334
804 -952
-700 74
208 451
-7 526
354 -249
342 451
-701 869
-374 998
1 121
949 -369
479 685
-543 -235
-779 949
-115 -54
274 -242
428 -593
-737 -101
283 -8
-698 -927
904 -893
-602 -694
-243 -347
101 180
739 -21
959 211
539 -375
-286 185
361 -233
-746 429
-899 -796
-99 -218
465 -405
-182 13
-55 -175
-377 -226
467 -359
-278 -513
-371 491
-125 -234
809 -888
-105 -585
-989 -834
-651 -344
-262 663
400 -413
-445 -734
-201 -108
165 -51
22 -625
-596 265
-825 -790
720 -58
-184 704
-829 -495
-7 -387
982 -839
-833 -200
-66 430
-245 953
-792 326
381 -571
-808 -436
976 807
-497 -803
645 936
-69 -97
-859 -482
-872 976
-981 23
562 -109
596 -754
928 -281
184 699
339 -447
29 825
-580 -680
158 -980
431 81
-765 -726
76 -147
67 299
-640 437
382 -858
764 -1
-71 594
934 -345
-300 276
-20 -902
587 -224
518 -58
-645 -954
270 -160
108 -451
-909 168
784 -168
-474 96
964 931
338 11
-918 348
-712 453
399 893
506 -442
299 -506
810 235
461 81
-1 320
-37 -684
-409 -327
-396 -129
478 664
-730 520
563 479
917 711
36 962
-850 869
760 764
438 713
-381 -373
-617 811
-462 456
295 664
-285 -140
-738 521
236 -963
-719 571
-580 851
153 436
473 -377
103 -139
404 -211
852 -344
-562 -822
-612 -414
-676 96
962 -967
-911 -67
-496 700
-524 867
842 -618
-402 -419
-205 95
318 -93
-431 48
-125 -434
-194 -534
57 -952
-344 690
-530 -483
518 197
903 -258
414 -678
-737 -288
-815 287
370 447
-513 -395
-942 -572
966 966
-734 131
272 -906
-331 750
655 -202
-520 -169
254 -775
-245 524
-378 409
272 262
-437 768
922 -905
127 -651
-288 339
230 36
-190 -587
293 55
372 385
628 -184
-422 -708
-541 -400
195 -66
-330 -180
-86 180
-181 -875
478 -7
240 350
319 -818
-53 -461
739 -784
848 -612
5 -106
160 -461
-59 404
428 751
567 866
-428 -217
-819 -102
-33 807
734 979
-450 -794
520 461
69 -458
208 869
-365 -979
760 -604
-229 -152
-95 831
904 343
631 -304
-226 -928
739 -771
-166 -914
152 -339
-189 -632
620 -463
-616 -440
-845 -263
540 -752
439 -124
972 339
-198 487
417 -930
322 230
831 107
41 -49
984 349
-666 89
-400 -21
68 84
-151 949
26 316
167 -691
900 880
504 880
406 -446
-38 597
-269 -90
194 -329
104 946
195 310
346 708
482 -680
0 71
442 941
-97 367
13 10
-169 787
319 -213
-843 25
630 -580
107 -621
-5 895
-501 957
-575 513
180 -106
-593 -322
-977 210
-643 -668
-928 331
-943 -701
-911 -254
-875 -72
-87 681
489 -169
-205 -92
593 -341
732 491
-117 -272
-901 814
-807 -305
-351 500
862 722
192 -564
-558 170
481 -956
783 -389
953 -732
471 19
-995 -649
-92 845
-221 731
-196 -30
203 -25
970 -378
-949 406
-782 -649
202 -250
-808 116
-82 -9
508 -961
-157 341
-246 -669
-891 347
953 -840
-281 47
-159 -256
-605 -77
810 774
552 -245
211 -309
-641 414
-863 301
600 -83
211 859
936 -686
888 320
790 980
506 -11
292 969
364 579
49 -479
883 -842
-669 -759
253 748
493 -88
197 587
-328 -52
-843 522
241 859
588 -80
624 -652
-689 -58
130 799
173 -588
369 -942
887 -13
-997 -440
-44 875
-718 409
-376 -645
615 -765
-473 -807
449 -303
-494 302
-350 -737
202 5
305 -540
-428 -162
-167 -121
-322 759
626 -714
237 228
-553 72
956 -314
-11 -103
412 754
-691 138
403 934
764 913
179 -6
-255 934
-852 715
834 -829
677 -547
-980 -783
324 -177
-473 711
597 921
-718 651
829 -5
-99 134
262 -116
-406 -804
731 857
153 880
371 285
-872 857
24 -577
43 -564
-938 503
-878 554
-978 -616
-264 -41
-319 23
-211 -215
-440 -38
-751 100
-263 -634
883 352
339 -795
533 468
180 875
-77 953
468 -708
-778 88
-890 -382
139 19
195 594
57 660
69 -269
-501 -156
748 514
-945 621
-818 662
-66 -723
-192 -862
85 -325
-920 385
-562 93
205 531
695 -396
547 -523
877 -877
-710 380
-34 -569
-218 842
-631 -788
812 -104
9 -980
-237 -484
399 895
-50 -392
750 186
-71 488
-645 -602
843 -404
-298 674
-914 442
-990 -600
-830 -648
880 -337
252 94
-953 450
363 -856
287 546
-489 96
-959 -348
813 -391
-882 101
-927 624
-294 271
272 948
670 957
97 -891
-805 469
943 -160
-317 -494
-173 682
-435 453
-714 -423
-432 458
-216 985
-810 512
-265 46
602 -332
5 -359
767 -265
505 -265
-726 102
-139 -596
148 629
462 267
400 -840
269 626
953 504
-71 972
-952 -992
-715 641
-583 531
-673 -180
34 -547
-563 -803
180 -722
-285 -593
606 -614
-557 705
809 -26
-45 62
212 398
-170 67
-580 169
-893 -328
-516 -570
788 36
213 -195
433 -192
736 -420
-257 593
979 -19
277 234
614 -898
-911 -978
-782 -339
696 -600
-667 -389
-605 -935
-722 -288
-301 -295
-790 480
203 -762
228 463
703 -705
-487 -566
638 -420
-631 -49
482 235
-592 845
371 -828
-995 -326
-472 -285
-151 -230
-776 -548
-747 944
970 174
-954 614
-540 -564
802 334
-64 -864
634 -297
909 -358
-745 -848
602 394
860 918
924 179
204 -699
-560 891
-770 -905
589 -592
747 -6
-781 663
-853 -903
-898 -151
530 -4
-714 424
-93 771
948 -16
-348 -502
842 231
-347 366
519 -917
-918 -884
102 192
446 -227
410 79
769 -540
-389 894
-193 -214
454 122
-28 -147
-806 -212
819 220
-282 -27
-71 651
208 -163
999 595
-407 207
417 -807
605 -113
232 -853
-400 331
823 -937
-409 548
-929 512
208 187
-394 -376
509 -868
68 -611
878 426
709 654
545 -272
-811 -543
-887 -124
-580 787
-733 -475
-549 100
-507 -950
711 -613
-478 919
-810 217
831 -575
492 -270
780 -392
124 206
341 729
144 -374
457 -143
159 429
-798 -362
-901 708
-645 634
-41 -649
-136 511
459 -326
531 -975
66 911
919 827
-810 -709
437 558
-919 516
511 -954
-152 917
507 -430
-866 -870
130 -380
955 -792
-258 935
110 -884
-592 -631
457 917
899 -199
747 -556
561 974
895 96
-310 -302
-534 219
827 -856
428 -831
985 255
596 968
484 -256
-318 -944
721 -609
-241 471
-584 -420
827 83
-973 293
-75 -772
-970 -456
-612 6
692 -142
642 37
265 50
595 -304
515 -822
907 685
-449 -340
-322 -299
707 -881
-274 186
684 384
161 343
-166 -52
-237 -750
231 587
457 112
-774 479
-55 -63
253 53
602 207
870 695
-667 -442
84 -537
-794 -281
267 338
279 -591
869 443
-220 -275
516 813
999 -760
-489 -278
65 -924
541 762
-869 -563
-427 307
132 5
500 172
932 -400
149 -809
596 405
-189 364
-534 366
-450 -724
811 478
150 998
595 -867
691 -405
-290 662
18 778
-927 -676
864 -477
-919 905
-69 -911
700 -400
423 -220
720 -751
-968 -300
-567 798
-960 315
838 -759
482 -623
430 -59
-277 -675
650 -810
180 998
11 -272
-22 -449
-237 -374
351 62
733 127
-482 -959
-37 -572
-400 -890
-106 -672
77 -322
-625 160
-419 265
689 -990
-87 738
718 -289
489 -341
-783 -12
-105 -326
891 -627
-222 321
-622 845
-794 95
106 -143
90 -905
167 776
-399 99
700 -976
829 -566
-453 -659
-670 804
-646 -825
562 -910
-777 678
-946 -821
-871 -4
-40 -76
591 959
193 -363
308 378
-267 147
411 -958
-864 157
465 -722
-234 -723
-212 985
596 -37
-89 -894
-263 -27
-803 288
905 718
-544 -535
-671 178
-639 625
-613 -635
691 -29
137 617
675 -791
621 -88
15 102
882 -313
42 730
823 312
644 798
-459 219
-442 -632
-260 -655
-298 810
-940 -643
-192 -255
-330 40
-294 -532
-203 818
817 -550
-770 936
598 49
-562 -347
-483 -54
-100 -545
182 336
502 -706
-980 79
890 -624
214 59
-41 -460
-735 112
454 -252
-338 751
923 721
21 -134
-17 -655
-523 705
-924 361
-625 428
-579 -688
381 -875
-182 180
232 988
973 434
78 521
749 460
790 232
260 3
-783 -562
-484 525
-237 365
-896 -503
365 699
-769 541
903 -938
583 -354
636 933
-534 -868
-118 996
673 -232
950 342
53 60
165 -931
670 -759
57 704
-540 485
-413 526
-595 549
-231 -746
-71 -757
619 -576
333 -179
641 -63
-63 824
30 -446
-869 660
-282 -38
327 -748
197 -858
-376 -454
-930 -74
-483 -846
-268 -921
-940 901
-798 -965
246 239
-759 912
824 -50
-926 -248
-243 -972
-976 160
789 -825
436 -684
995 -986
933 351
-313 -48
-385 -153
-19 -325
-544 -964
805 876
906 928
-973 845
-300 -604
930 53
-856 -31
81 256
-609 -191
-427 -672
142 -515
-414 -733
-34 -741
945 -686
-800 -769
-133 943
-623 850
875 -516
964 990
661 952
-215 -897
-291 505
540 662
311 610
-95 -78
717 -163
405 474
-949 276
-610 -258
-803 330
785 -288
931 -234
-206 91
993 415
-215 271
-344 386
-623 971
-293 846
-104 -679
305 14
-198 854
-914 -777
483 20
290 -146
-412 107
914 472
928 141
-791 -707
384 -740
740 90
794 821
209 -98
-295 -126
-383 -239
453 33
-55 -437
-578 -478
627 -632
23 385
-237 983
802 123
-10 -21
-642 934
-539 -365
20 -667
-419 454
324 269
936 -924
-365 690
-945 115
-224 -354
858 -844
433 441
630 955
410 686
143 342
-953 -527
-31 980
-539 -244
540 -251
531 195
-711 -994
750 -670
856 894
266 -369
-756 926
-414 -357
551 783
-514 459
296 -490
433 -485
85 229
933 -199
126 1
-5 -482
213 680
-429 -810
390 47
-974 595
345 -248
-536 -226
-934 896
757 -533
-494 -633
65 -935
226 -307
-216 -689
-46 -12
-576 991
267 219
-497 -931
-411 304
513 -772
-648 -161
752 153
893 -137
-685 940
862 284
-919 773
994 440
-772 -749
-509 119
644 61
224 -525
-351 -756
309 751
-216 600
-383 -789
-545 -622
408 235
800 -473
-389 -338
872 864
717 -242
175 -525
-976 94
-152 -920
-961 668
813 -763
-858 86
-430 304
-394 715
-294 -330
-26 882
542 171
-940 956
-318 710
413 700
881 805
-377 -917
-324 -88
-473 -211
826 51
-788 680
542 292
957 534
382 303
-47 -332
-262 -257
226 995
-113 -686
104 -981
-485 839
-588 -77
-654 -660
600 -400
237 -452
817 123
435 -208
-689 551
605 -285
627 228
-354 275
-442 162
549 308
-981 150
306 321
428 18
-478 -313
162 313
-179 249
-740 212
930 121
479 -569
424 -505
-934 575
-910 969
-923 -313
132 -906
121 662
-631 -663
876 -223
485 -108
-300 -415
21 660
-187 -538
-946 -590
-281 -954
376 -159
-863 118
-129 -146
967 -738
521 -330
877 766
545 -202
166 -787
890 -985
-516 576
-757 -533
-363 -377
688 -971
-281 -833
-331 -654
446 435
71 -903
251 196
24 971
774 -29
-348 -887
-121 324
-777 922
-431 -885
-519 -998
927 -568
631 602
958 731
-680 -687
395 96
-519 399
498 746
-335 745
-809 71
464 -851
-486 -471
-271 -775
-318 -887
-215 -237
179 -81
-289 -415
-272 -1000
-783 245
-162 -640
675 500
374 -889
-747 -125
-826 777
-477 -759
204 -132
845 -136
-50 -12
946 -313
502 464
-359 -124
967 -254
-788 -796
-26 -473
-188 -535
789 908
629 -542
751 387
-185 702
553 -123
-270 69
-628 361
-721 133
-45 416
-47 -411
-560 761
-418 585
-218 -522
-652 943
559 567
320 56
-807 -917
-465 769
88 164
618 918
43 421
-42 -175
548 822
770 642
-743 -101
647 -246
-573 539
234 110
845 -2
559 -359
594 416
96 -349
-446 85
156 190
-920 202
-578 -852
-633 -788
373 -859
956 216
-213 -983
-122 596
-836 -208
690 245
12 -865
-243 306
-716 611
756 47
-8 -349
157 950
547 -585
-402 663
-949 36
-629 -777
272 873
-755 804
234 352
315 -972
540 -625
-245 88
-997 224
-414 316
-667 -130
17 768
612 -335
557 -271
911 981
-75 950
-20 -612
976 -876
735 1
821 4
-750 -946
728 779
60 320
-81 -851
-205 840
-923 560
-839 -264
363 -689
-179 -972
805 181
222 -140
421 -977
754 135
926 -576
-351 -325
-73 851
-598 -17
-569 -777
-521 166
181 -545
-145 682
-768 -721
75 722
837 254
-56 -781
921 -570
-644 217
-883 -294
-52 -137
-994 104
262 -499
-642 -232
562 436
-80 969
-63 384
386 210
-280 386
-953 -646
-375 -935
-176 443
-9 620
-823 -122
-393 -309
596 959
-113 -255
909 -796
766 845
845 -323
-583 -699
-859 -863
538 -29
949 -724
-450 -170
124 331
-239 279
876 -34
-969 928
-191 993
342 -493
-969 699
-947 421
837 -551
518 -560
-150 967
-685 -589
373 -12
-935 697
467 -606
-500 359
90 -593
52 -272
-640 56
-952 464
223 165
-135 457
345 -367
-889 520
-86 349
-890 295
10 57
-341 -924
-326 -121
914 729
504 565
-776 316
977 260
-709 77
595 -71
-403 -634
-18 -823
-335 -5
694 -358
-442 835
-528 -629
-183 537
460 680
-340 -164
-810 -342
475 -15
839 676
-508 -795
-314 239
451 42
-237 422
-363 54
535 -782
-167 932
912 925
-267 -467
824 812
77 -923
271 111
646 -12
-111 -220
-934 201
-356 -51
-406 357
-745 -92
-458 -328
-935 13
101 -859
-118 6
-815 832
639 214
465 61
200 581
-449 -94
-243 11
-398 891
-780 789
971 -589
618 47
-585 247
-595 -441
-668 249
378 294
-930 212
-947 568
-827 -333
-963 35
-507 840
-5 4
-654 -900
705 -358
495 -168
730 638
-122 -625
-666 -789
750 58
927 923
-691 615
161 -566
534 -55
-285 -158
915 805
-532 379
-398 -853
-933 -194
-744 496
-361 -32
-320 -260
-150 417
344 952
894 867
-916 389
-140 610
-400 -778
-718 81
-367 833
65 490
-718 -148
789 292
-736 212
-733 -308
253 -506
-733 -537
-888 343
863 -577
426 -578
656 -116
-342 -450
325 -216
-409 957
38 -44
550 -916
70 433
-329 -67
885 -172
-511 -367
-873 449
197 622
-605 -29
54 839
981 475
-762 -996
242 -911
-732 -888
-985 918
744 -27
-423 -362
-315 -600
-506 -131
770 376
-598 280
-287 401
470 -374
895 -905
-640 808
-544 516
-479 -587
68 -189
-32 -127
735 540
618 -274
-554 -990
292 -30
786 -956
6 -653
-474 696
-359 683
-323 865
450 263
-402 986
147 -4
-15 -66
-843 -477
-657 467
333 388
-686 409
-94 55
363 -258
7 632
239 -65
531 -674
-515 -1
-653 -461
-63 573
-710 991
-528 702
-516 -227
924 977
736 -535
-842 -212
-760 581
245 -358
78 -764
52 230
630 -22
392 564
-169 756
142 160
-228 -871
897 -725
-323 60
418 738
922 271
906 -262
603 225
501 -311
-308 -450
-704 -679
-713 -499
919 -845
-127 -927
298 528
-215 946
499 289
-856 886
-471 431
-884 787
-537 -152
-950 204
543 975
373 69
987 457
-71 523
220 -991
481 999
801 223
-467 28
-362 495
749 706
-611 959
-422 -337
-18 -513
-307 -616
92 -116
235 -562
-493 951
-679 -259
585 985
-628 726
392 819
-353 665
-969 204
543 -998
-723 -558
-503 -555
763 991
267 -408
-884 -18
358 942
-141 -728
-110 -624
934 -174
-384 76
159 -988
97 83
-161 -670
-898 -963
516 -980
650 -751
-47 75
-126 -447
-68 955
-474 267
333 -162
-975 -15
-392 77
-461 206
74 -911
163 595
75 711
703 14
856 293
555 -867
744 -214
422 -228
127 83
815 -563
-904 575
-543 554
-225 -857
-199 98
988 -864
-179 -741
676 -227
581 704
679 -222
-925 866
436 -438
694 86
119 -145
-363 606
-48 -551
-503 -192
-295 -14
6 -840
689 -810
97 -722
845 -563
-719 863
-55 614
-1 -543
256 -19
-83 552
139 -604
-593 -782
-457 45
-330 -143
150 494
-334 381
-742 586
-751 766
183 -376
-160 682
-790 286
-883 58
227 -599
-785 -831
75 -202
229 -553
-234 -543
277 161
113 -728
-448 925
710 -738
995 -377
-234 625
413 207
-387 117
-54 -491
-209 389
-672 399
-629 769
-863 -630
426 -147
500 -198
493 846
-32 -59
978 100
-970 -571
-755 -683
895 331
661 164
788 205
-506 58
-838 -681
-572 -296
32 636
56 -239
128 -888
446 -313
618 962
-698 -930
-855 -914
179 -132
-740 -173
-324 937
-233 826
747 -200
728 -479
-661 -927
934 -603
-221 -655
837 -307
44 582
570 103
988 -138
214 239
-206 -347
126 126
-182 239
-523 -283
154 -593
147 414
-655 -991
123 -172
-459 641
-846 -34
994 323
999 401
-277 -695
233 -179
379 -125
737 -646
220 -936
466 288
533 -705
454 988
-620 -913
493 162
452 124
-58 288
665 -815
-992 -785
367 -472
-846 -960
-293 421
63 285
-756 -801
-341 -559
226 -1000
214 -566
286 -461
513 750
124 709
924 -699
91 532
853 818
189 -394
815 297
-560 13
209 524
966 466
147 -620
-941 321
-62 -757
325 -348
65 479
506 481
60 -94
-40 722
199 -982
-381 429
54 586
-651 16
-324 145
980 522
783 -581
-442 -894
-828 -435
343 581
-999 -546
-199 261
-798 -785
698 -9
-952 963
705 933
369 489
-10 -96
938 646
886 190
163 -168
-959 694
257 662
586 -560
188 828
720 423
907 20
91 895
-716 -137
-221 -158
-214 784
840 461
-903 976
-570 102
963 531
-159 -327
32 207
584 -512
-256 -260
-411 -134
-189 733
191 954
-86 151
120 27
49 -442
472 -339
616 837
411 -844
-539 -427
58 -437
756 359
-540 102
-468 -776
-973 220
-899 169
-705 708
955 195
-869 48
55 396
330 372
892 -154
350 -437
-414 628
-664 682
597 -331
399 -841
-544 518
-226 -139
-670 113
-441 -293
364 858
-494 -937
-581 572
549 796
-690 -647
-692 475
-696 770
-414 -298
-588 532
587 270
-690 521
423 -656
509 616
478 -949
-892 306
624 337
-925 129
-382 -410
733 509
-9 101
824 856
755 -964
297 -839
-672 -701
429 -949
508 -656
348 109
926 -143
286 -998
-320 -579
-86 -641
913 561
629 -430
601 -492
532 -363
-638 -215
-666 -48
-778 714
-138 108
526 -666
-777 121
-206 876
-736 -107
-569 824
-583 889
444 -291
918 -664
-125 986
429 340
95 989
-132 -222
-380 467
-869 -515
781 499
807 -532
110 -689
824 869
-181 -636
-583 781
-824 -328
301 47
549 112
242 864
755 217
-610 -399
156 -866
-474 953
-631 -980
-394 653
614 -540
275 -6
196 -528
-895 142
-460 299
323 708
610 738
896 341
-897 -722
-367 527
548 826
-586 -335
131 -280
575 -761
-454 787
805 -70
-772 -569
-998 -387
-88 63
361 -865
-811 -561
279 759
-920 206
520 -347
-399 844
-726 715
-527 -617
-509 420
909 -121
410 424
-709 -429
452 -626
866 411
-504 -549
394 601
-537 -955
-600 911
652 344
-511 -552
-391 267
-262 152
591 -161
405 -809
-500 -952
-297 -327
-483 449
-803 -953
-764 436
828 11
943 -231
-35 87
-424 -957
-794 35
176 765
391 424
-151 141
-841 -77
-616 41
-526 -29
-685 -611
-972 -116
70 490
541 -679
295 608
-237 976
298 88
-387 -15
-41 393
-852 -832
-300 -356
775 427
341 -94
816 199
714 417
740 -614
-190 -777
188 78
64 42
817 545
-44 -538
-173 -423
-741 288
-946 -410
-53 396
-100 321
-630 -662
-589 -890
-632 460
-127 861
410 571
398 -715
34 -497
-699 406
-847 -512
595 -430
-257 522
-321 -954
-710 -12
28 -312
810 892
915 191
514 -153
-151 396
-153 -468
898 -271
645 -488
280 848
-950 945
-115 -994
-201 -243
50 -661
-657 -523
70 974
32 -301
-397 -707
-638 887
957 -775
413 330
260 -178
-489 -525
-639 928
-566 -809
263 507
390 282
-217 284
-740 997
-229 947
860 -321
-68 -411
393 738
147 -752
-963 -324
525 857
100 -827
-251 407
-165 -573
-862 253
282 641
555 -18
27 -403
-789 -989
931 498
79 -765
-21 51
602 -953
748 -899
-899 -447
42 107
-306 821
549 -880
-807 310
476 -190
519 180
123 180
949 -236
730 629
293 591
-980 -665
-597 -927
-771 906
-761 133
304 -526
-909 -785
-761 -96
-362 -616
491 -700
128 -752
281 244
-681 836
-153 955
-350 -377
314 -626
-454 963
-896 618
900 932
700 -176
382 -980
-112 663
161 -225
-675 -726
118 896
307 -400
-566 -554
437 124
459 637
-673 -909
576 -993
-999 -436
-667 37
-254 206
-719 -382
852 339
-650 -23
-740 -734
-317 -631
-639 -911
846 -230
524 -281
-591 -197
150 -751
991 -401
232 -453
-669 -144
-707 796
838 296
-2 319
-23 -558
-290 -148
-330 719
-600 858
683 -625
-962 -541
462 130
973 871
768 -581
704 -337
93 -491
-417 198
-293 -261
142 -333
-963 402
885 -289
102 497
-745 -651
706 648
-660 -836
-194 620
-607 976
98 -255
767 -160
770 -909
389 -106
-339 912
762 664
-902 -248
-515 915
492 251
531 -804
-885 106
932 -726
813 -152
646 -329
-581 -715
-662 -411
439 -622
-160 510
440 505
913 200
-877 -363
381 -893
275 -380
593 195
994 -922
161 272
-457 -824
-593 335
431 -362
-581 -594
-908 -989
898 13
-597 630
707 216
-534 161
980 82
570 -82
893 837
-788 15
-308 -580
-470 -642
-593 456
-397 -652
-368 803
397 377
-162 413
-94 288
658 -77
-428 937
-982 -632
150 914
13 -367
808 -133
-161 234
680 850
-559 -593
353 455
-323 -57
545 396
-388 457
138 -251
943 442
-874 -978
-711 706
621 -656
282 -122
-205 -698
-119 -695
-995 -100
-639 996
-1 -110
-672 819
785 -548
432 -178
-334 814
-831 -221
-432 13
-379 -915
718 -831
936 789
110 481
266 -992
121 576
-591 -384
897 568
102 68
-323 -862
998 620
848 -371
626 748
-281 -222
309 812
624 -345
188 522
-946 -905
-838 -140
-610 -505
-452 835
-196 532
-554 787
750 -822
-219 548
274 417
193 492
566 -458
-37 -522
-849 88
-195 612
665 -745
-377 312
-365 -617
908 -344
445 649
-932 733
-402 -499
496 651
-380 14
-189 777
-72 -99
-310 487
868 -524
849 -803
-762 97
-831 263
308 307
-671 -14
854 -752
558 189
464 2
366 662
-534 900
-63 485
-49 154
-473 92
-769 -953
315 -616
-756 -260
443 64
-536 -257
443 -165
238 369
852 757
-435 -434
864 -401
561 -210
-74 -721
328 262
-152 -375
-312 -593
801 711
-813 -121
-918 -403
64 -77
31 -254
669 -263
-1000 -765
-995 -650
-269 -775
426 541
648 -844
-197 -899
-755 234
-862 108
353 965
70 842
-849 572
923 529
-870 -534
-292 -786
305 -796
-411 983
-520 -7
-706 -426
459 839
610 -978
567 -382
773 -277
902 362
928 -669
-931 395
109 -92
902 -685
33 852
-145 -238
119 -946
-270 -4
191 -841
-511 873
-558 761
817 -379
-135 -597
818 489
-412 586
-51 -189
-215 871
-482 527
-601 -885
-467 -168
-844 -118
923 -505
52 168
-585 -941
31 -938
-458 820
419 864
899 40
-824 -284
-356 -179
-220 648
777 -438
171 -19
-560 -467
202 -935
-156 -643
-464 -759
-698 -926
915 435
211 53
218 995
758 451
45 515
-280 755
-222 171
659 -309
695 -652
-778 -47
-735 -872
-396 543
851 -139
66 574
381 -583
-335 1
515 -583
157 -291
236 756
695 516
750 977
196 -592
-307 477
978 575
-690 712
-969 -689
-472 117
-224 -801
-484 817
-164 4
-73 -632
364 123
-63 56
548 -285
-195 425
983 -357
-313 -348
815 -759
-183 664
-764 130
-922 -722
-609 -491
409 -242
-207 -511
-656 -566
193 -392
778 298
-998 -330
399 -287
817 226
-840 256
-16 -795
643 -937
-488 -632
-251 772
981 -942
963 401
-878 -144
-162 -203
696 57
278 -685
436 655
-562 321
508 -223
217 59
692 352
-368 -860
416 942
605 878
990 -772
923 -8
819 -883
141 -798
638 237
113 123
-307 732
-825 -426
49 367
780 586
-619 -321
339 843
158 539
-723 790
-873 -955
782 137
-695 -195
388 183
122 212
299 -384
973 55
-966 924
818 181
95 -672
-308 335
927 353
-790 103
-537 283
-329 -1000
429 76
-844 -426
966 -214
-483 748
-540 214
661 -850
107 -204
948 412
979 -275
-155 321
-173 910
-75 -733
-961 -826
923 355
-421 579
410 736
565 381
-633 925
394 -26
-463 619
750 -620
233 322
81 453
-322 -489
827 243
956 653
-264 684
579 -88
-964 -222
219 -660
232 -196
-472 -312
956 -394
-737 -58
646 841
343 840
-951 656
-187 -409
-590 635
-246 445
239 -72
-527 -63
572 -909
419 798
-75 -720
-927 -1000
-79 558
984 -965
-131 -127
-868 812
-736 931
-289 -70
7 746
-930 836
-695 410
48 -300
-230 -766
126 293
-891 -283
566 336
643 31
9 913
-483 185
-106 -57
-638 836
43 -523
605 449
641 860
469 -644
-476 117
337 863
-685 -57
306 -931
-654 -973
70 -942
302 -407
-703 74
919 -731
-170 537
520 -477
246 223
-888 257
-907 15
-391 834
-679 -387
-569 10
-316 190
931 -492
-988 -203
-873 -216
297 -593
-400 196
-94 -515
78 760
-332 596
-532 -970
667 337
-493 944
419 6
926 -715
-494 948
-991 667
526 -420
820 -697
-400 88
623 415
350 522
-937 -669
388 814
-820 670
-151 11
-557 -677
950 -237
-272 -279
-413 536
158 -695
412 353
-469 604
-901 681
515 774
-594 609
-391 -789
-261 489
-989 982
107 427
-170 -376
86 -450
850 700
583 127
359 -584
-484 -41
99 14
861 -683
-480 78
-184 894
-365 553
-549 -22
-381 -209
-694 -669
400 127
322 702
-441 679
-682 -430
358 -917
31 674
638 -863
-136 268
271 -391
212 197
852 -409
652 469
-327 148
-301 -846
824 -508
636 -559
-889 381
-999 -245
16 487
357 551
135 -316
348 960
862 952
344 -960
-420 859
-460 -260
784 -688
-933 -938
-607 215
-301 -496
-841 -181
857 -210
-17 -966
-382 333
977 -108
-601 969
-157 451
-295 221
-154 -32
400 -678
491 901
548 -780
822 -275
-300 816
-101 208
-870 -532
618 -334
-638 757
-867 934
-762 233
-48 -424
-303 747
519 855
-350 406
706 947
429 144
-710 -129
-187 -354
-829 408
-1000 526
459 23
-916 934
767 -90
749 499
981 -161
50 498
-170 229
370 -315
-189 -13
399 386
-943 13
337 -721
-195 172
-562 873
312 -549
699 -140
-399 -641
537 -431
-998 -704
442 729
817 -148
-215 -295
-950 10
-764 695
-983 -167
680 786
-865 -175
871 88
678 -78
163 267
461 -305
58 -15
-264 -66
-111 701
-464 -878
-473 -469
165 47
-200 -603
53 809
507 979
834 -841
-443 -590
-455 339
712 216
509 796
226 -310
-385 -235
-597 -118
-43 -764
946 -250
-723 -752
-28 -227
-613 840
-524 360
-507 -225
236 -410
430 624
-830 24
-163 753
-703 -918
-549 946
-401 -351
793 -371
-255 935
772 738
-887 -96
-997 32
104 -179
408 461
-478 368
160 884
-293 -633
489 571
-958 145
-404 -501
186 533
915 908
-150 -877
-152 474
-159 -697
591 -465
343 453
847 215
-99 -912
-607 833
267 -589
19 -691
490 880
-405 -982
-927 370
661 -285
-217 -517
-539 -797
815 -636
-25 -347
-62 525
-628 -381
414 225
-964 -596
-259 -807
-763 -835
947 459
-748 -32
100 -460
-244 -270
-230 833
601 990
434 -170
-89 -211
-843 81
-294 -909
-31 -41
-783 95
709 -231
-850 859
10 -269
-945 33
-933 -896
-642 -424
-13 -216
-629 -485
544 -857
-19 198
731 -765
-544 -670
-422 -973
-305 -388
17 -337
507 -510
-112 -488
390 662
-190 87
694 -913
625 -747
635 -59
943 -172
-86 -85
-525 511
433 480
-85 554
-230 136
-579 -18
-32 -374
-776 -118
-709 -357
328 -849
429 -272
-721 -475
161 142
385 -608
799 -325
-545 919
0 719
-687 -477
873 -174
571 427
-131 909
550 -679
-142 262
-696 871
-449 748
-1000 -816
677 301
723 188
637 902
-485 44
726 -332
-996 -926
298 -779
497 370
-200 -790
918 134
723 -630
-206 627
-705 943
-614 -888
-528 347
585 -564
-364 684
498 -75
-328 112
-509 -192
-31 335
289 -478
-957 -877
-828 994
-952 -762
913 -614
507 684
-175 327
-61 -820
42 850
829 146
495 795
-949 -114
-400 882
6 -645
783 969
442 905
-895 122
861 -949
-889 -356
980 -961
-729 828
-84 -417
181 -937
358 682
-207 -817
923 -327
861 -10
938 210
-72 576
427 -760
915 721
-22 168
-88 -186
-749 68
-894 -579
880 -778
-526 -412
563 269
589 -725
566 -480
-341 536
-682 243
-369 474
-870 946
496 -539
-175 -707
71 746
-189 -642
286 405
-645 -922
-389 990
14 -283
437 -180
788 -660
-274 711
70 -940
-462 -801
-46 -886
198 -526
-160 -988
184 -653
-914 -925
173 649
238 -942
-925 377
181 473
-416 254
291 870
-229 80
694 994
60 -864
237 755
939 44
478 -580
636 6
393 -947
-808 -149
-101 -516
200 644
57 824
-133 929
428 996
-257 139
73 539
-373 193
682 -171
542 -703
901 -127
-785 -273
-739 -157
-602 77
-17 767
337 -987
-291 -556
-109 -808
-787 31
-233 -844
427 892
561 -340
404 -287
956 455
-966 968
-73 -212
-701 485
90 -972
212 -43
406 954
-993 47
811 -44
35 260
-559 -213
359 586
767 -343
-646 276
641 -748
-907 -546
-709 -302
359 -461
-515 732
-583 -715
-857 214
354 -391
-431 322
-796 -594
-693 93
301 -281
29 -969
289 153
-940 -602
-921 -589
164 387
463 949
334 835
464 127
-993 -987
674 -558
-340 -193
1 -129
-753 163
-812 751
-981 -253
562 -385
278 -144
472 890
18 -778
-284 -140
-587 -178
-988 -522
-87 108
685 890
969 420
-628 -997
-890 -997
889 -98
-51 970
663 313
369 -134
-213 679
318 315
-630 -656
-237 -762
796 -205
438 87
-782 643
613 842
546 852
-665 -758
-960 -181
762 -82
563 -26
485 549
627 898
751 439
-538 -862
-960 -60
-838 603
-225 803
620 629
217 -542
-955 957
187 747
-135 696
-715 121
873 257
-705 314
-285 -524
680 -138
-277 -700
393 34
732 -766
897 -433
-586 -516
735 737
74 -995
786 -530
254 -125
376 -428
-627 126
424 286
890 -207
-151 -174
929 458
244 355
27 -168
407 -176
548 995
-220 894
-611 -977
-470 948
22 656
617 -181
-529 -679
233 876
-922 558
-179 -115
60 130
3 -404
10 309
-729 -848
40 417
838 397
-535 -43
373 -457
856 222
830 -999
966 582
-146 183
657 241
-157 253
-212 731
595 302
151 -678
-78 -501
-16 377
-362 -260
-498 899
501 115
-502 -563
513 -289
306 -619
297 -173
-410 -35
-954 -953
930 228
718 -409
-540 -145
-771 -832
657 -685
989 808
-303 -727
510 56
-421 449
-428 -722
-676 196
475 -460
970 714
189 903
154 128
-515 558
947 -236
-428 675
748 -180
884 418
-866 220
350 713
-212 -74
662 719
-163 313
-433 223
-440 -719
-454 -654
-530 785
396 -218
-315 215
-430 908
740 494
907 -790
-986 -771
46 608
-668 -196
923 -580
873 -172
28 -264
-435 -254
2 501
-494 334
34 490
-112 924
-789 682
904 309
725 78
-161 -15
-595 -536
-946 469
-398 -251
-973 -711
-978 931
92 -616
-976 -457
620 -497
-834 121
-755 414
-989 247
-377 -192
34 611
364 745
252 -479
212 617
224 442
-995 -349
758 -671
-794 -588
202 -889
-937 824
-333 -230
-841 -700
243 -363
568 -795
690 97
-692 591
-679 530
744 104
-535 -243
-736 935
429 214
847 727
117 622
979 92
824 972
886 -365
-916 -982
-837 65
149 -887
412 -19
-182 -758
43 -640
-417 -130
-993 491
-935 -56
543 -317
-880 -386
718 438
-483 -979
-712 -802
-936 473
-800 -915
-193 -237
827 610
-102 -119
478 456
-818 465
-631 62
181 -814
714 -314
-608 194
997 -26
-846 -681
-3 533
-946 -94
163 -481
22 -457
-954 954
-120 133
-487 834
-948 247
308 -881
-771 846
-835 -630
-809 554
-209 815
-994 774
565 172
680 159
-266 15
895 -182
-346 -237
-172 882
-332 -568
-864 -163
113 -181
-61 -105
825 -241
598 534
-863 964
389 626
-858 -907
-323 420
883 -300
425 -175
855 -362
461 236
-826 -955
51 -911
732 470
-636 374
-233 84
904 -241
-497 -514
861 355
518 -11
-756 -509
-159 -519
973 798
-698 893
966 -410
553 -808
-569 -912
-539 428
-655 482
-963 100
-526 892
-802 957
-100 -986
793 -180
-754 210
-104 -691
288 587
446 -813
-380 128
-159 541
226 352
357 -626
-10 -154
716 -279
-721 508
514 526
-809 -359
617 -810
-598 90
811 -271
69 -908
969 517
816 -745
12 -503
703 -915
-156 -905
374 78
-139 496
831 -235
67 601
-74 -607
-255 550
285 -260
68 -487
-280 493
-423 -310
270 371
-356 -549
929 -976
-52 91
-476 29
-569 -428
649 -91
-334 378
-754 -474
-44 854
37 550
-798 917
511 -614
318 -743
34 -502
187 494
166 -612
943 248
-504 -178
-647 39
831 -222
103 271
-703 -122
-340 -299
372 661
568 78
-886 696
-401 445
-608 115
-970 702
-222 861
638 -496
-279 61
321 -203
-14 -422
350 -963
462 -722
-633 -989
-826 831
-205 -771
-990 -58
-682 58
839 433
474 -254
512 38
-801 366
-466 356
325 -606
-981 930
-912 535
-121 -427
724 -601
622 -383
-214 -884
-302 464
-576 -68
392 -431
-539 228
-718 751
232 105
509 908
-868 -994
-330 338
184 559
203 572
454 154
640 344
-200 -599
-756 -817
-768 -117
-987 482
-667 -331
967 -79
-986 -111
-883 310
-847 -33
985 729
-713 721
-216 -688
453 868
872 -195
-491 541
324 -64
649 -533
113 921
-940 -103
161 -351
462 809
603 519
974 -63
-718 -283
-553 -741
288 629
52 -402
-750 -87
-367 -349
-207 -626
-715 365
-295 722
899 -530
429 753
-392 -931
23 -164
927 -17
3 -402
-264 -746
610 801
961 -433
872 -771
996 756
829 350
-238 -572
550 935
660 -654
723 863
-856 254
-777 547
-631 372
998 -245
673 -42
-747 426
-370 147
287 417
151 -676
-440 317
35 -851
793 -4
430 -56
552 836
-716 678
885 982
-395 733
474 -804
747 294
-258 967
-138 -163
946 -809
-147 17
-990 560
-440 438
-20 -437
582 -103
-342 -451
-244 -145
-805 -707
585 -815
576 -406
-405 661
541 539
472 705
-222 782
893 469
-998 -900
-580 845
232 723
144 610
-407 736
-487 218
-260 -786
-200 19
-873 448
741 -218
741 -447
173 264
-789 -605
597 -226
-246 317
-337 687
-685 -548
956 646
648 493
-75 -619
863 -336
-920 -186
-948 -19
-651 -550
39 -369
627 592
635 187
67 669
139 508
-799 225
-581 -599
-110 972
967 -387
-909 996
-749 985
-536 46
-555 -196
434 318
617 668
247 -326
37 618
105 493
874 -494
225 -903
-37 -903
-930 -218
-333 -228
-569 -239
-862 411
437 -310
915 483
56 981
-359 -244
515 512
-239 804
-153 -176
260 -7
769 136
225 -782
-9 -949
-970 770
690 220
497 845
-852 762
-928 -51
-453 -990
-794 932
839 -438
-185 -236
-853 -924
974 918
260 114
910 -558
-31 -587
874 -481
-744 -523
204 219
376 -492
751 617
-562 945
-564 118
716 -653
-843 703
-886 67
-136 -933
-682 -692
975 -722
758 512
670 399
-478 535
-817 840
-785 -174
762 -830
-722 -872
240 -232
-720 -274
-435 353
-564 239
336 1
-676 -231
-614 647
-506 -574
-375 663
-539 -751
335 -224
780 392
-655 -926
382 -701
-282 73
655 397
-550 258
-858 142
-335 183
296 -997
318 977
26 -858
-818 709
724 -291
-966 -438
-529 317
-163 -114
-712 610
310 69
-650 27
-2 477
657 -870
-649 666
-768 -746
-481 250
612 821
-639 78
-479 30
-887 -24
603 -231
-504 -781
889 806
-563 36
65 -624
-219 -383
125 181
534 349
-58 474
-629 -547
-512 792
422 -350
-495 207
575 646
124 -44
592 61
358 123
-393 -563
-140 -383
178 192
-149 -203
-621 741
-606 -442
-618 258
104 -575
-216 -28
23 254
422 -229
-989 -998
178 542
-858 -542
-480 84
736 540
225 -393
-973 151
-84 -505
102 439
554 11
7 -616
795 891
-697 -961
567 -279
-562 395
618 706
234 -452
-334 259
657 -386
740 -846
-500 455
966 894
-504 750
91 142
-338 -264
-844 -365
709 191
-10 -957
387 -89
927 -633
879 373
-130 -379
11 -669
284 429
308 786
121 142
599 669
561 148
-733 1
-382 -708
-876 -48
-584 -428
-477 452
-749 -7
-653 -299
-495 812
883 -848
-511 -179
361 -250
-126 157
350 86
233 504
649 153
17 -612
920 616
1 346
-498 -533
899 264
-118 920
-543 -10
-729 766
-829 -633
62 -425
497 -497
-226 -892
97 -239
-743 50
616 97
-840 117
318 440
509 -258
-331 -235
-366 710
-939 -118
-998 470
791 -195
-651 -240
-553 66
706 -791
-266 -170
-58 45
-521 772
-552 -756
680 -255
895 -367
-141 10
-370 941
34 802
-262 -280
-56 -175
-378 -226
-132 998
-416 -747
-767 487
520 -537
136 -234
289 762
-107 762
218 293
719 346
698 -494
622 908
808 -888
-364 877
218 64
873 261
202 -698
551 210
840 84
-695 -455
-666 246
686 -649
961 -673
-726 646
-640 420
-573 -573
-119 -403
-990 307
87 -527
317 164
-607 -221
-900 200
-174 75
170 639
-401 -345
264 -746
64 886
796 283
228 765
-352 190
-560 12
-784 267
-167 -811
-616 -149
-255 -924
137 354
-239 -980
401 -354
-776 801
-71 590
586 594
863 -818
340 -105
-710 603
-514 249
-810 -796
-502 -680
893 -710
327 599
-518 544
-747 -511
476 170
-680 216
39 -851
756 224
811 -106
663 -233
793 -941
638 -815
-491 88
-843 -852
-929 -367
502 -740
-756 -439
-844 -323
-746 -17
-963 -769
-261 -497
-17 129
-738 -422
-143 -505
-654 740
-104 655
-228 848
897 -992
262 712
890 52
-141 736
229 306
444 -560
320 -330
-623 -957
97 -897
-989 117
88 -451
-110 -207
-220 -833
-375 276
-441 -78
-61 -840
-715 622
-132 448
726 479
755 -52
41 376
-503 -17
479 -216
990 525
374 27
-793 -79
-270 -75
-136 679
506 -83
-453 743
-61 -719
-175 199
-918 -111
-657 684
-996 235
49 846
985 302
-820 168
-578 -70
602 12
650 955
414 715
440 -316
739 246
-216 282
71 -442
-617 -816
4 322
539 -566
64 336
983 377
-551 972
399 326
810 -103
-563 -580
-508 -873
584 79
503 383
-248 -303
-555 974
601 662
-977 985
-939 -184
-428 -234
527 -536
518 664
761 -369
-993 482
-443 397
-982 -406
334 -729
654 444
786 563
762 -23
366 -777
-78 0
935 -95
11 -480
-512 -521
-745 180
953 -78
870 -76
-804 -922
-61 583
484 154
-46 -75
-160 52
365 691
43 640
-835 408
-598 -403
97 876
-179 978
769 488
-461 -169
-898 -170
440 986
679 -718
-730 -852
-242 400
463 -602
-120 -923
-3 416
-695 -400
129 -182
226 919
-514 880
-612 308
-828 424
531 737
433 165
-403 -336
770 753
-180 -816
792 512
-709 -443
-138 349
-338 -759
655 -769
-749 195
992 802
-449 -856
480 627
-702 -282
700 -124
273 297
-245 -861
109 -592
-691 550
162 466
296 -766
277 941
-814 -567
55 -155
-835 -276
-513 -491
514 -651
-140 774
739 -304
424 587
-741 -907
-979 -25
-546 500
311 -337
-388 -338
-825 -376
-156 951
-596 -139
-60 366
-907 -553
-205 951
-391 266
955 -703
298 -973
-215 -555
628 888
-432 -553
172 379
562 534
550 -981
-63 253
398 -621
-594 -201
8 133
185 -729
-882 -897
-540 35
-320 38
8 -914
75 833
436 21
-900 631
-47 318
378 -213
-190 498
801 -110
-271 -622
-868 620
-899 -945
484 -46
954 657
-975 228
625 -336
-160 -377
241 721
-633 -72
330 -513
743 -344
736 663
462 -623
648 550
-610 97
-12 -506
136 -608
812 429
-644 449
-45 -949
-739 -606
-359 847
880 75
871 -977
-134 965
-764 798
597 -277
506 93
397 -860
-453 690
-55 965
333 552
-526 562
-371 -584
-717 994
762 -89
147 281
570 909
-915 228
764 -272
989 75
-976 -48
691 381
-209 390
-780 -631
-796 593
-153 928
-900 -53
232 -951
-728 -993
890 483
-726 514
408 214
781 -507
757 856
134 -318
640 -712
-701 49
149 219
94 283
820 158
598 -709
-452 753
565 -132
9 -313
-441 353
-197 979
-980 -679
-137 764
-298 -874
70 47
-362 -630
71 915
527 700
-619 239
-960 -54
-332 -751
264 -757
-552 643
-626 465
-222 289
198 -586
-922 -846
638 918
177 294
-964 -614
-799 -510
813 -542
978 -475
599 926
881 -142
330 -16
-955 145
638 -129
-396 -386
-665 887
85 -342
-977 -920
-934 433
-921 143
-947 908
911 905
715 993
474 -116
-31 880
-704 -381
-52 -455
-730 613
965 -431
-384 469
664 395
-852 135
-673 366
466 410
383 870
-455 -458
25 933
832 -287
912 -587
-583 30
771 -526
-86 836
-637 962
782 -697
-94 -331
-578 -444
136 131
-618 423
-304 -205
-225 125
-287 -790
258 996
-451 536
898 -364
-7 -965
815 -399
454 -405
-489 200
-548 -444
-956 -498
-25 829
-801 -890
-564 780
267 708
977 50
-800 -480
848 -64
767 994
-730 747
472 817
412 537
436 894
30 206
-323 842
-133 185
-904 -187
226 532
252 -499
703 191
384 -572
117 -916
-394 -903
-315 -839
817 478
-412 -772
-335 -552
-377 -320
-511 683
79 -269
-165 502
525 -741
876 11
-438 609
25 370
121 78
861 -149
-532 -302
978 143
410 854
35 -484
-781 162
-200 144
803 785
-176 501
-599 -356
765 264
-667 412
508 379
150 671
-253 -537
-673 863
583 -265
483 551
-121 -610
-262 -586
-701 801
271 143
-736 -240
-203 -6
645 -434
-93 391
920 -495
261 623
-164 -307
976 834
139 633
-699 -466
-314 -884
-459 684
227 -72
202 -883
-101 -655
-736 820
-334 800
-573 289
-367 394
-223 -416
78 744
842 911
200 -313
-284 -655
812 968
910 -675
977 318
810 141
-155 -245
-888 133
-584 810
-162 762
-558 -221
378 218
-72 921
910 493
-231 -644
-112 -693
-188 746
-756 -758
536 -243
436 573
-645 241
-310 231
-327 587
883 740
-399 -336
-542 -156
449 -10
-346 -473
-238 521
595 -939
-391 13
259 -888
469 642
-858 -914
-117 518
898 267
337 -66
254 165
-405 -932
548 117
708 106
952 732
-423 -572
-320 832
614 -310
650 -882
113 -67
137 290
-777 593
815 -815
193 828
162 -700
-98 652
516 57
244 -402
390 -348
945 -355
26 -625
-688 -197
26 -854
626 868
361 -864
963 224
-624 -734
-196 -287
-869 896
805 52
961 794
-999 557
-865 -675
76 -912
14 196
-876 856
989 -420
-835 665
887 993
-309 186
598 890
-175 940
-734 976
854 -874
735 -825
258 4
375 589
-171 -402
827 -68
445 -399
-376 -97
481 -971
761 -917
521 -404
204 -340
703 -922
539 404
-824 386
-668 899
-779 802
-258 -21
745 657
874 -919
886 367
511 -971
555 533
-469 964
-400 569
-863 -653
-853 -194
272 181
585 412
695 18
-76 895
-78 -198
118 -552
-887 -596
949 -395
312 482
641 -740
-371 223
589 -930
21 -219
-562 -540
-614 -959
-36 967
-53 -663
-585 -258
728 -852
242 194
-851 754
-528 -542
-898 450
258 138
-745 692
60 -601
837 488
-524 102
-939 -140
-246 -671
-205 -670
433 -154
-749 923
-25 200
-770 -183
308 -149
-394 333
-938 -814
-472 679
-899 346
-789 743
1000 78
119 329
-885 -537
963 721
832 -553
-414 -952
-541 -239
-223 336
749 -551
-404 -988
-328 -764
-385 688
897 -680
72 109
-656 -593
-381 -654
-515 -883
948 948
-95 642
371 149
416 -603
825 -664
-920 236
-533 645
-559 -768
781 -734
851 -32
-861 62
720 976
-944 64
699 99
778 392
-509 -8
704 214
-357 763
-612 473
420 -363
-251 -531
788 558
340 -127
176 445
-488 -996
-150 -772
-768 118
-488 401
-664 175
-941 -857
-785 -115
782 110
59 -248
427 -347
-203 -743
-226 522
-126 -523
142 460
-178 -979
388 -302
-881 -456
736 115
-259 -702
76 -978
-210 651
-344 422
-432 538
623 -809
-386 425
844 99
-362 782
742 51
967 398
-678 253
-561 838
800 -237
-286 777
834 808
588 -416
961 620
-622 599
197 -567
25 935
-491 -150
98 888
209 -62
-352 -624
-801 -191
372 -822
-325 -262
905 -588
332 -221
478 -167
-403 84
-408 -260
-640 -152
-454 38
377 195
-797 -853
-224 729
-465 374
-252 -565
-311 23
-335 -563
-607 964
-705 -362
-351 661
903 655
-288 192
163 882
441 72
678 -510
-389 -678
-575 98
-632 -665
684 -988
240 -736
-190 205
813 883
-970 508
714 352
442 418
-983 -249
-78 -143
-512 -893
746 11
-447 670
18 -957
-530 901
418 -572
29 370
-298 -25
-890 100
5 -482
699 838
-533 337
-115 96
-24 214
772 -862
613 771
-445 -826
740 -437
623 735
951 12
-704 -821
837 664
310 -314
-571 -63
186 -838
-738 992
-905 357
526 250
-30 -197
-49 -476
-233 -297
670 -789
962 551
-635 -600
58 -902
-637 522
-584 -369
-369 -710
460 835
-36 -830
609 140
-634 941
-536 52
434 553
-612 -761
-17 617
119 -771
105 -669
248 -132
270 -373
939 954
-228 -879
-225 853
-471 -866
53 43
684 -383
219 749
346 561
594 397
296 -78
325 623
700 -254
-307 -637
-118 53
59 -543
909 -373
272 733
912 46
139 59
-689 -581
400 100
-438 -999
-713 782
-657 125
-423 -691
62 -942
-816 775
946 44
-888 -791
-393 -583
968 557
-302 767
-643 703
-801 -149
-609 -208
-967 84
-243 -639
-711 -219
378 462
698 -314
770 -1000
770 986
-154 638
80 539
-853 600
-79 -6
621 863
-578 310
-401 -286
-938 -262
172 -919
949 170
250 169
492 -298
818 -128
601 -126
602 742
-222 -688
877 452
-978 726
875 -412
-175 821
-187 -731
117 -54
115 -164
-682 724
488 347
-247 652
68 -505
-668 -388
610 983
529 -928
-762 -841
676 -235
605 -933
-680 -772
-953 -665
263 -697
-494 -905
247 527
-663 -189
314 22
-206 -502
577 661
859 -407
699 -396
960 -584
-916 799
457 -976
-207 -202
-128 91
-614 -849
-781 206
-800 -73
-838 -594
205 -810
-366 -599
-590 447
-855 930
-167 550
223 964
-244 37
638 425
189 -899
-902 -192
-945 -828
-496 984
-380 378
-11 918
405 833
613 -450
752 -106
-339 -897
839 536
686 28
856 -49
-743 -78
-896 -586
-852 918
-222 856
-320 284
-74 -478
-64 -19
460 661
-480 -486
278 95
-285 -311
-82 -477
732 36
-724 56
336 -193
-126 -547
149 -837
-78 -62
54 323
753 95
553 973
-877 753
-146 972
623 -15
991 152
-2 162
-606 -999
29 -488
-90 49
-324 -118
-32 -764
23 -303
-158 817
96 -313
-522 -655
930 -151
-493 -183
-987 477
234 -901
-986 -116
-288 -303
741 98
-892 485
-211 -349
-41 62
-623 875
-81 929
295 -770
-220 999
-590 5
874 -191
-630 872
-427 -526
-136 -54
-594 529
-627 352
705 562
-192 280
275 160
17 -593
8 -184
-761 -924
507 -766
701 268
806 -433
-80 -526
-524 709
-975 -210
-968 732
-70 -104
291 -125
-389 -113
-525 255
779 861
-491 -161
-954 -151
-932 -621
847 -954
-872 147
220 116
218 -748
376 629
-488 524
285 245
-987 840
408 810
262 -705
576 394
-527 -451
-928 -795
73 -227
-161 -394
-175 -292
-395 -561
334 -186
-934 -610
-217 -289
-756 -567
942 -825
-700 -258
657 -809
672 748
-634 -722
-772 -161
930 -943
78 9
-199 -794
876 -11
33 532
927 220
347 -355
-682 -268
-682 -497
-603 -204
682 123
-222 656
58 710
-775 443
-56 -624
-782 -728
-896 -76
-454 269
-628 907
461 -627
660 751
309 -984
169 662
-824 443
513 -989
504 -809
411 195
-995 561
230 -109
476 -871
775 -575
638 588
-749 967
385 667
-166 793
-488 779
-674 -660
-323 846
-502 615
303 -678
325 -919
850 -280
-1000 338
827 231
-362 100
-607 269
635 -986
-924 333
-184 143
-884 -763
-157 505
453 434
-299 -891
-475 344
-668 969
-689 -137
990 -408
-837 -301
-688 465
530 -164
146 893
-924 225
588 -977
239 855
87 -734
481 617
-880 -752
-710 -75
-177 388
778 86
-805 819
-43 -844
-272 -667
-795 -937
-841 344
628 263
578 671
640 -666
493 -154
-376 -603
-347 98
909 -505
-968 -744
-213 852
-499 229
545 -553
-124 -123
836 -81
188 378
967 -150
-897 304
791 -376
305 899
-586 462
-726 -595
912 -904
-518 108
655 -789
190 -889
174 335
7 -71
700 -373
133 -484
-385 -410
-461 763
-615 525
-190 -235
-770 -810
520 -368
694 751
107 -766
532 689
-251 -474
494 168
834 731
111 107
-610 -407
350 389
240 -237
460 32
-654 -743
244 407
-603 -283
584 -491
893 264
126 -632
526 736
404 -422
-135 990
923 143
859 387
-958 199
482 -354
866 -886
180 -948
875 -423
973 674
-901 669
544 231
30 949
145 936
924 408
-957 -273
-981 -859
-902 -566
917 -534
-947 -80
621 -182
740 -985
-723 833
-704 846
-799 20
502 126
438 636
-388 823
-820 900
-485 890
10 832
-4 934
430 -6
-809 -254
858 175
-450 847
940 739
-342 646
136 419
-755 -18
-296 533
872 -708
516 182
428 298
-716 -319
-235 -275
-851 -544
-428 -441
-927 895
-160 313
573 -102
53 -626
-916 -259
452 -392
61 -277
384 413
-618 603
-642 -249
524 127
-868 -555
-92 -334
-239 370
733 -517
683 -109
-24 29
-60 372
934 -756
-377 436
-508 -838
729 532
-142 -744
723 229
-872 -361
898 755
48 319
-827 321
-323 -146
-134 -210
-598 558
181 30
143 -491
141 897
962 366
-563 286
-570 -656
-491 391
395 255
90 -381
-318 319
-442 -242
594 -848
247 771
-235 -959
804 -624
840 -176
642 -686
922 -632
48 561
182 -900
-861 750
-195 -887
572 -974
-39 -899
964 533
-635 504
-905 643
-991 -592
-19 507
605 600
588 956
326 -505
-53 859
-695 -823
-333 -996
852 184
-392 -371
229 959
79 -786
335 860
-570 525
-811 170
-672 514
-567 759
-975 705
202 -945
306 -888
-709 -866
555 -147
-180 158
665 -16
-473 808
-841 412
862 269
-4 -663
249 -483
693 -735
832 -428
-130 918
458 -898
-232 870
-184 -365
325 -488
416 -370
-381 289
820 -775
818 613
646 92
128 395
-461 0
74 -888
-458 5
-9 -886
964 -151
718 382
-705 542
-156 -411
406 524
-455 690
376 618
818 963
-214 -645
510 618
892 -549
-493 169
429 -539
-719 -403
-105 -244
-14 -880
817 -723
-620 -919
505 -544
-512 829
962 863
554 -423
-449 131
739 791
-192 -765
859 -605
-490 -688
107 -698
-415 883
834 799
-288 -59
-195 657
723 968
614 -251
564 157
516 -823
263 983
25 108
307 760
17 698
282 178
404 -354
-436 -102
-848 893
-34 -580
585 -831
-656 834
-51 648
384 347
420 4
-523 -623
258 -287
545 938
-923 -328
-314 948
-455 -223
-646 209
364 368
538 935
228 184
-689 778
995 356
714 343
-829 -20
-726 896
12 596
755 869
-103 -963
-935 -554
508 359
964 -822
317 -633
630 -173
299 -44
-414 -438
-463 838
820 72
302 146
-371 -657
479 -450
926 993
-952 -895
-868 -258
-565 -486
679 -160
-844 853
-336 -663
603 -973
505 -47
813 69
611 837
-358 746
267 17
52 92
-652 -253
767 303
206 -259
-892 -760
952 -927
-688 467
-375 -534
-506 215
-845 520
356 -544
-871 -701
966 139
439 888
-902 -832
160 -483
271 257
624 -608
-942 -231
-965 805
45 210
-869 513
-945 -758
-799 -475
-641 -118
-660 -360
-378 750
-528 -241
-196 269
418 -97
-657 -355
650 963
-37 262
-80 -603
326 839
911 -457
-827 402
262 -903
396 -903
-53 -241
243 575
-654 293
457 504
-338 41
808 -959
-951 -977
656 -562
864 370
-814 -706
454 206
-671 -169
-668 -652
-54 968
478 334
-780 598
6 753
-474 -113
90 -300
45 452
81 109
-501 922
-277 172
201 965
254 37
-684 -741
484 270
-149 586
-27 54
726 32
-637 768
46 44
-177 -294
-91 -520
934 -83
299 -594
-143 -939
662 -771
751 964
240 -6
-997 -851
106 -235
892 674
648 -181
780 -779
463 -486
375 -828
-229 189
371 450
-923 303
-11 -635
808 222
-58 -710
55 887
954 -542
919 440
-929 -559
767 800
922 -309
596 918
-178 -920
-509 -525
-691 -502
162 -586
43 -49
-231 651
-69 -748
268 69
-404 -324
931 -368
644 356
-530 -692
79 584
888 982
-513 672
-477 -866
-169 -979
526 -417
925 -937
400 -822
293 772
910 -306
650 521
836 -521
211 -344
723 -950
661 121
511 -870
550 290
130 -525
-309 71
986 857
-948 838
303 -634
-501 -917
-907 381
629 290
-560 196
-301 -627
36 -39
466 -226
-503 -88
603 8
644 -449
-306 197
-325 -82
-253 -731
-948 730
318 61
-828 795
-880 339
-25 890
942 642
-280 600
386 195
62 -454
967 -577
-475 -659
499 72
-716 972
174 955
-172 547
-890 267
-613 804
-830 806
-423 -82
36 432
335 499
-178 -544
716 -856
-198 -782
-546 -297
6 445
-803 801
840 873
269 -148
-447 -318
-29 195
-201 906
-415 388
-649 221
-803 -475
320 -964
-542 -471
-448 -836
-316 -946
-507 -477
824 -34
-687 -179
273 -137
-959 -867
-44 -73
-144 743
787 -145
-421 -60
957 266
-33 -207
-382 -361
-498 -307
732 -899
-328 -879
790 503
-571 117
542 -794
315 -19
578 849
337 -260
-566 232
-95 -183
70 -79
-283 -234
-720 -235
620 -201
585 781
-367 563
710 -42
913 -208
934 669
-465 -238
-362 641
154 -489
-388 -772
178 -132
-111 -6
570 -840
363 -904
848 602
-642 -689
-804 -751
831 369
-843 755
-368 -184
376 728
-868 173
-89 -355
943 -208
-516 66
-888 423
55 821
-384 222
225 -717
-613 133
323 -411
-560 -4
-794 -171
918 -265
-300 364
145 980
-304 -573
221 975
818 965
636 -998
-44 -986
298 700
-32 -518
422 -311
647 36
518 -78
-387 -450
836 460
-527 708
-969 363
645 929
455 -952
279 808
-24 770
-921 259
-295 950
670 -354
-748 -42
403 -698
24 932
-673 -686
-35 -924
496 927
-108 -234
-373 249
-456 480
-286 891
-381 -164
37 349
498 478
847 -600
-523 426
191 -231
-248 365
-733 616
-995 -616
971 109
-655 -511
324 298
778 -286
800 227
-907 436
435 -918
739 -12
-854 -721
-710 721
114 -330
-260 -800
674 532
-565 321
44 365
-362 909
-284 11
-222 660
910 -238
-348 255
781 -123
-307 27
636 425
159 -695
322 760
298 137
-417 -626
271 943
737 184
69 -504
654 186
-874 855
196 -692
-82 266
-988 689
887 -919
-111 733
971 243
-671 -422
867 -632
-233 972
589 -869
-908 -887
585 -345
487 -917
-567 345
640 493
516 723
669 965
-909 56
-890 106
514 -104
82 202
-973 337
620 780
59 255
995 -326
167 -966
826 656
-193 677
-735 -838
-147 -668
887 -677
-295 400
725 -968
-447 797
-516 926
-857 633
146 -150
879 667
722 949
139 628
-412 754
701 -157
-175 438
-801 -519
548 796
57 -488
198 -778
-431 -306
-259 969
-182 169
332 619
-826 67
612 673
-949 936
723 -277
403 41
-752 -994
731 -157
758 -320
-541 -57
-986 990
-702 520
246 -724
480 -786
339 -762
588 208
567 -669
-677 -470
-73 462
-629 244
-414 169
-855 426
965 -852
-358 -983
-25 624
-994 762
988 263
-728 -809
-104 -716
967 96
19 -875
857 224
-833 306
342 44
-718 818
517 799
10 473
868 504
-698 881
-77 999
36 876
-198 709
175 -241
-572 239
-340 -458
255 -541
986 -551
-382 70
423 992
449 -1
1 774
-519 -982
825 -240
584 -595
348 589
685 -543
-69 -517
-534 881
-694 -569
-911 894
593 -361
868 -422
252 -691
-920 -387
-270 661
605 107
-63 -581
606 -715
115 -50
481 -747
999 936
-148 -275
-76 -399
239 659
-465 314
-512 202
441 -927
-939 660
-17 181
599 413
-991 204
-561 -966
266 -514
-906 -735
271 -170
870 418
88 648
-885 -905
390 949
546 708
139 549
273 549
720 -223
899 -221
-742 -247
-971 -70
-897 -121
-13 -855
-968 -819
-743 -435
-152 -260
-743 962
996 247
160 500
-811 269
856 -56
-897 0
81 850
-466 223
-191 162
-592 -182
-54 662
995 -271
453 -554
527 -605
129 783
-833 -123
77 327
-570 516
128 -903
-178 -421
809 249
-4 375
-775 986
-486 860
921 -328
-471 -818
-530 36
-580 444
664 16
263 -328
581 247
593 -682
636 -83
868 -743
-944 167
847 891
745 89
-814 -770
390 386
648 910
477 274
-198 401
583 966
-470 696
-995 57
175 -549
517 612
-201 332
945 -897
681 720
-534 -366
-641 999
-994 -351
-547 863
98 -419
-546 -979
140 746
-748 55
-486 -174
608 851
-452 871
-447 986
-724 412
-950 594
-639 -2
522 -199
-930 -969
508 -363
819 253
401 -489
184 -258
955 851
-532 -694
-112 417
226 -76
-656 933
-119 643
177 -527
-483 366
-487 890
-680 -737
-955 263
244 587
268 944
121 -301
-266 -976
714 213
82 -522
362 -468
317 284
-12 -938
-513 729
-606 538
-73 772
985 -75
718 -190
150 292
360 -164
-843 73
442 400
-711 -37
674 -526
251 51
571 -762
-513 850
-76 -573
175 -991
388 285
488 -760
-407 -444
-746 90
171 -696
-466 144
2 249
-146 -632
650 699
476 -649
1 24
-183 203
-409 -103
-435 662
-25 8
-246 534
-458 385
20 424
567 822
-887 -546
-400 -428
-763 -480
338 -462
-722 -442
601 177
-14 776
239 956
-692 -600
-637 -893
653 -222
-51 894
-199 501
613 416
771 -984
470 -158
587 -805
-907 680
557 484
-632 619
225 -218
-964 -120
-445 445
380 299
831 760
762 889
-357 -489
-359 670
916 309
-239 -497
0 -215
248 -379
855 299
-19 -494
-21 894
-415 -723
-176 -441
-892 -648
718 -753
-691 -887
830 -512
329 -40
152 327
-607 275
635 -751
-10 265
72 38
490 322
-663 114
37 -212
357 961
-72 555
821 -625
-246 668
361 851
-976 822
555 -330
630 -974
-874 281
664 71
567 138
933 -34
337 844
454 -32
572 -565
890 764
978 611
-50 -841
-793 283
-224 403
511 623
-563 708
-18 508
-541 -994
-94 -534
-662 177
501 844
664 84
982 -573
557 -308
137 -894
-271 -194
-278 813
525 908
-829 710
-389 982
-890 700
-225 861
988 -903
164 -118
547 -380
-171 -660
-570 826
-152 -647
419 108
331 -5
-287 885
-220 -108
-883 -452
-728 590
-173 354
-734 -208
-576 -817
470 460
-115 -459
315 -646
490 -120
-324 -862
-777 590
-703 539
589 -141
833 219
-702 -283
160 -813
774 807
655 627
-264 586
-823 888
457 871
-925 840
-173 475
-559 934
886 230
130 -305
586 -291
-197 -929
-390 891
-256 -341
67 578
554 696
-374 835
-510 8
-379 491
-488 -462
-383 786
-784 442
-449 432
-91 894
-162 196
-142 -872
985 101
-918 856
-643 832
-404 848
948 448
2 75
-917 34
55 -853
841 -173
-904 -27
-615 -153
-940 316
672 809
278 653
923 391
-763 -317
701 -705
-810 -392
-672 -916
-65 250
315 -512
588 815
-866 -553
-388 11
-794 -677
-374 -320
484 -60
-531 -38
-884 332
776 -181
728 71
91 948
-838 219
-329 325
-209 -805
-289 663
-649 91
768 -409
353 -917
-797 607
-224 -255
-995 622
376 235
18 261
998 -994
-573 -961
688 241
-828 -19
-888 -299
237 76
975 5
-127 -201
382 -95
29 312
-623 386
-817 749
387 -798
772 -691
185 -259
768 -167
-502 797
594 434
-606 -78
722 885
-89 -377
479 898
-351 148
134 -332
-267 556
115 -840
-300 113
-376 -663
861 -84
215 -259
521 -970
-30 -844
-515 161
371 25
-691 -819
157 739
-941 -994
29 -493
-993 765
559 490
278 211
-899 -583
928 -202
-881 454
-998 -589
-336 -241
-85 -659
-665 752
-526 -365
-576 43
-91 -474
592 788
-778 57
-632 -118
785 -618
-695 -467
-142 914
-531 -359
-875 -398
-796 -105
-798 -703
-38 742
77 463
326 -28
479 214
350 329
-36 522
258 740
-616 -53
-637 827
247 93
-319 -584
-78 296
-971 -739
116 -656
54 681
-536 -811
71 -133
501 912
-289 -705
-912 70
571 -76
175 -76
889 499
-223 817
310 -935
-862 830
783 -715
-795 -392
294 289
3 -412
-269 -871
-116 -104
-48 525
506 -350
-76 463
-381 -402
-106 -463
-507 -807
615 -178
933 626
-626 -233
-212 -216
-589 -166
794 733
923 -843
-318 822
-489 186
-298 -512
-379 546
-749 -448
858 -824
612 -62
-591 -91
-34 -466
477 -516
-224 834
-668 -109
-104 -296
-935 -682
-836 -740
599 349
888 223
907 465
-623 307
137 -463
-426 363
-404 -144
781 -950
36 128
-352 -506
620 -639
155 759
-967 389
-794 317
367 349
-846 -368
-380 -861
146 646
837 419
-712 -18
186 -854
318 -698
-4 -978
-67 888
-823 -667
941 -800
-226 77
-868 -144
942 822
-802 -608
153 -156
-394 -783
-576 903
503 142
239 32
-783 344
706 178
68 -79
412 -269
780 -102
-196 -677
269 -318
468 -926
547 -633
263 -392
896 -974
-319 155
-954 -585
-910 -542
-652 -18
872 -163
-589 -487
-212 -766
469 615
284 835
-688 702
819 -53
-454 640
-671 871
690 -958
805 -217
-983 -936
-689 -718
-684 -640
123 917
-199 866
881 -222
-931 688
29 730
-26 794
-243 42
-367 501
-966 -353
596 548
604 143
575 -787
807 731
530 -35
-54 -315
-135 743
501 -322
-360 -422
399 -599
-954 825
-980 -396
128 335
-982 763
494 392
-979 768
239 -881
-465 -997
787 385
-450 -689
-612 -751
-86 756
810 -678
-912 943
-943 -622
-186 818
-193 -124
-279 590
343 381
-920 530
358 918
-38 689
-594 700
583 -950
72 295
-221 -479
947 495
88 276
635 674
834 -200
428 -888
-964 608
-106 639
-189 641
-538 487
609 392
-962 425
-697 -58
555 -662
297 800
-357 10
861 576
262 284
-841 -332
-234 346
788 -195
-460 528
849 458
-703 541
121 -473
425 167
774 809
-770 716
510 -18
-323 -285
-290 -337
-82 -159
589 800
-355 -52
579 755
868 629
765 -287
486 298
-108 -175
-232 247
58 760
182 -931
97 422
888 -769
604 -528
-238 883
-212 -148
-391 375
233 468
-693 -744
-430 -105
-34 649
-435 -449
-4 3
-768 -393
488 465
887 -55
-299 314
948 -597
676 930
-76 -166
-109 -572
-782 611
534 -466
627 516
-132 -556
303 -628
-169 545
-976 745
505 1
-904 -133
-775 506
515 423
-385 432
310 -504
-521 -661
-153 -494
751 407
-627 -377
-462 -81
-832 911
-667 453
410 -152
-404 -894
-413 77
406 143
-174 -432
514 -58
507 720
56 784
-493 -441
-49 502
-389 -384
-644 329
94 258
-930 -65
149 -35
460 -173
-328 40
-390 -838
-371 -596
-569 -315
594 315
-970 573
-239 -669
-48 848
-50 250
-697 439
708 831
-925 -997
-920 -128
-898 -369
-466 -712
-18 -845
-906 450
-347 148
319 497
-621 -879
232 -963
404 312
-641 869
-45 -827
777 -224
911 530
-655 153
231 -20
-521 641
418 -157
-52 -601
237 -727
235 395
-223 -483
752 362
568 541
-888 66
-288 -198
-716 -645
143 -241
122 868
73 454
-93 916
925 -84
402 629
-491 -406
-713 942
300 618
-538 -747
-931 985
-566 -580
-962 -809
-329 824
-899 708
847 198
117 -136
731 23
-686 937
-256 521
-301 -942
-790 62
-838 -918
-575 -279
660 493
-670 652
-965 -986
-167 226
839 909
-694 -752
739 -490
197 -810
-366 245
441 -184
-743 295
-931 -988
333 219
-245 242
25 -126
30 181
-402 -459
680 -720
-669 180
-569 -865
-316 -685
243 -987
-532 -569
514 -487
-563 81
545 812
932 -994
-882 72
871 -250
-466 953
45 -292
191 -238
-2 -404
-558 -622
-391 309
488 -769
736 -933
-364 183
448 -168
408 928
81 304
144 589
-570 -969
-713 150
677 42
-245 255
942 -707
-223 14
329 756
969 -833
-430 -279
284 -707
-55 -402
-468 -800
595 875
-336 -910
486 -573
-580 -102
619 -44
-971 -253
-247 -222
-517 -83
-22 125
654 408
-518 -42
-539 838
-145 728
-698 27
965 980
-260 -794
705 346
989 -124
-255 -450
-47 482
255 820
666 -400
631 811
-542 -773
-515 -145
-271 481
-321 135
384 -113
164 -611
998 -708
-215 790
-582 -724
552 -795
273 -210
44 721
825 303
-206 -208
893 932
282 549
879 539
268 614
168 -785
-894 -609
-469 92
-345 -367
-872 870
418 595
91 200
746 360
276 -572
882 958
-99 39
-681 852
-79 -504
-64 262
-317 -147
-229 -300
-169 734
44 -205
-947 -580
431 -25
-643 97
147 216
-884 -295
-110 -901
700 -389
691 545
-25 375
-295 514
445 -908
-61 452
-741 693
721 -330
-489 914
-593 564
-108 -670
-650 -236
-664 -134
738 778
163 547
-119 -600
-661 -883
-250 149
-758 -587
-760 801
424 93
258 555
342 963
-391 -120
75 -613
975 -851
378 -841
-146 -841
475 31
-198 460
-716 -698
-238 -659
373 -771
-90 -7
-505 -249
377 102
881 -99
292 -494
539 137
219 -70
-767 653
-819 234
602 -561
-900 -923
-737 532
-966 709
73 -417
503 628
102 284
-418 -240
-539 -530
-821 309
987 677
-737 -515
381 867
-51 227
527 -62
-633 -687
158 566
-568 -292
681 -376
-338 399
-813 -389
-638 366
597 384
817 387
-952 -53
729 274
978 978
-469 589
279 748
117 -68
-288 112
845 341
485 35
-964 731
89 -460
-782 479
696 -11
331 -927
535 795
-747 473
774 811
495 -819
-847 269
-178 364
68 -398
-562 -565
590 -582
-938 87
-250 -293
929 870
-493 474
-529 780
393 338
-538 960
-576 476
928 -816
-172 300
-282 428
511 64
-940 199
823 336
-801 -955
-932 -206
174 -110
950 111
254 -639
-11 -156
-276 364
833 465
-805 508
-26 475
-647 -101
-76 883
-955 -483
698 277
410 776
224 128
492 -875
858 414
-190 488
-717 742
664 814
-169 547
502 486
920 245
-407 904
-190 -788
-719 -903
933 709
265 21
469 -738
-820 213
685 55
-851 634
0 -277
256 -617
-276 -441
747 -114
620 599
-755 -476
-287 -600
-984 226
146 945
214 325
436 374
-733 -825
948 -461
857 -91
922 533
230 -512
-642 -707
-403 -425
455 -394
-202 -664
791 723
-849 922
-848 -425
919 -812
-330 -957
-656 -484
-498 856
794 -807
-204 845
524 -668
713 251
54 -617
-984 -579
399 -663
-520 -704
751 -504
646 -32
-710 -828
-760 -420
-595 -124
-254 -60
-719 -648
-717 179
-838 -111
-577 -70
517 726
247 902
-378 813
-46 91
396 207
-360 -365
990 128
-106 225
-342 214
-244 749
933 -901
807 680
220 -837
196 792
-520 356
90 -947
-368 -68
-356 -997
776 320
720 388
-548 230
811 -248
-846 307
528 -829
636 165
579 -369
-665 -170
981 -618
-731 -524
-843 -994
-35 -821
-214 -298
813 737
715 165
-22 -357
76 178
632 167
-165 -931
-774 -221
-753 -162
-275 402
559 -190
-372 469
-881 -455
147 -50
427 4
721 -7
578 173
-83 693
989 -256
-907 -737
574 697
-622 -339
-770 -503
797 -12
-325 -153
-382 -687
-437 609
-785 128
-460 -341
734 -361
-881 834
-454 147
380 -179
-241 -792
-427 775
-711 -970
932 297
-959 914
933 -525
975 869
312 296
-975 -895
-163 -980
165 771
-809 40
89 -42
378 -168
-687 -492
569 366
-882 -731
7 828
948 628
-996 -833
-850 -779
93 -381
-849 614
967 -406
965 982
946 703
712 -696
-777 904
324 656
-946 -366
-769 499
93 -31
399 -742
-377 -209
798 -471
-457 -727
-412 507
-953 -140
-521 -712
666 541
-42 949
-16 -82
-959 -709
-357 -375
-128 -781
362 -917
-907 915
160 -378
-871 572
785 354
625 890
-435 910
-669 -489
-580 492
862 308
-747 86
-952 620
684 -516
-178 -252
-637 631
-560 851
185 968
541 -151
417 308
-8 -622
596 310
995 -210
-394 -429
-961 921
606 -49
-836 -360
631 947
-257 -10
-441 169
808 85
574 147
-488 323
-323 390
-900 -934
569 971
-582 -588
489 719
940 -806
-901 -634
-261 -8
432 -81
-50 670
215 -308
705 -444
440 39
-937 352
-870 -116
580 -210
-829 -344
-110 -657
-738 -980
-475 -112
497 21
-513 -633
748 -626
-225 36
-313 -77
661 -366
313 614
602 488
91 -253
492 616
-978 701
698 721
-135 -71
-264 -710
968 545
-130 44
21 442
193 697
-652 -590
809 -495
-518 -590
-164 396
906 81
-226 -482
-493 -826
406 926
936 -269
69 -120
-788 717
941 -191
-102 227
-40 876
-638 -800
750 443
-43 578
855 -258
-914 -698
106 -117
-636 707
231 292
909 -22
816 982
831 553
77 -175
-823 -166
-51 579
118 122
-414 527
424 -589
692 623
665 520
-671 -856
801 566
-247 640
837 223
-814 -225
-606 478
-390 -981
-853 -217
323 123
357 -293
479 636
-412 199
-438 -756
954 -532
494 -288
-857 -740
-651 -635
-988 497
724 174
-314 -47
954 865
835 685
780 749
634 -766
-220 -678
468 -304
301 751
-298 -103
-876 -80
449 -812
282 243
242 -876
-221 -112
-830 561
-626 68
272 -768
-841 143
647 341
-299 197
-129 120
-265 -973
-384 -399
242 292
-429 87
816 298
764 862
291 184
375 821
817 -295
760 -829
-69 -388
-341 -847
-541 785
641 -521
288 115
-397 -742
-395 -144
568 169
-743 607
-494 -675
280 934
-539 -152
-546 855
796 -462
-128 -847
-591 -837
226 -578
-168 20
787 -282
984 232
101 144
981 -295
499 190
-365 85
-453 -28
727 54
195 193
-337 857
-387 -721
941 -512
614 -870
-434 -796
-114 377
529 712
570 -977
-557 36
-55 957
523 897
-659 -241
259 -159
56 -259
725 -918
24 203
-807 46
297 -456
629 542
-314 -839
163 483
896 -915
-73 -777
-450 -764
955 -335
444 910
654 491
-611 -187
473 150
262 -851
-237 -764
-83 -849
-309 794
-204 847
-116 694
522 722
816 903
107 214
-716 406
583 -86
560 196
37 91
137 -954
-517 471
-568 920
414 -969
214 -357
637 500
616 -606
-172 -127
-616 879
-219 -239
-235 -476
-495 351
-748 -58
-398 -992
820 -426
-779 -455
131 -234
-811 761
-6 929
176 448
-827 -230
443 -26
740 -823
-308 -978
-269 182
200 926
-165 10
270 -62
-873 189
493 -542
-765 -278
384 454
781 -139
337 113
-444 -452
-570 -857
27 -867
940 -146
780 -364
-745 -444
344 237
841 814
417 981
622 218
-49 -741
-939 710
-41 -392
-91 16
659 514
-909 -431
-543 -108
-531 949
-89 -921
-84 -577
630 752
532 180
568 -126
449 411
457 6
761 646
-877 -506
-38 -754
222 368
399 -982
-376 190
680 694
-946 791
-934 -138
580 -705
-52 250
-481 -385
835 753
150 650
124 -571
-167 943
-461 496
-561 -674
490 -743
-847 689
-491 324
976 -584
365 -509
-661 -905
-981 -321
-513 979
-4 -864
-35 -214
-338 -215
579 -809
285 959
751 237
-72 658
936 -535
425 481
521 943
104 -163
326 704
-431 496
-877 904
-968 520
429 -861
-605 -852
-937 -130
771 71
-685 845
-530 -264
-522 314
359 -166
-913 348
909 651
601 535
-859 813
-398 -24
-169 -430
-610 -432
104 897
933 190
869 700
-53 913
205 -512
-812 107
-984 -643
349 -319
869 -347
224 669
-568 -543
349 849
779 662
-262 695
132 851
713 308
-75 787
-227 918
-867 63
-265 397
194 911
-524 631
-875 -350
-22 -434
-10 623
408 382
802 -280
253 215
292 -611
-333 -700
121 -493
632 211
787 -898
-138 -488
894 891
-711 -350
-973 -121
-381 -475
863 -903
-780 -221
925 -25
878 617
-332 -583
-563 945
-923 410
825 -256
35 342
714 142
-344 -472
301 498
377 -941
289 932
-164 398
-37 -544
-13 -187
-841 -110
-311 873
33 454
-596 889
-985 -347
-605 -126
-567 129
787 -427
317 -605
-511 704
-650 131
-397 -995
-423 -459
611 286
-420 -225
464 -959
-883 -215
839 150
113 275
-80 -120
398 407
-46 -765
-67 573
-569 -806
-466 -156
282 232
-257 -571
703 -4
582 -294
-295 76
398 528
-583 -620
-972 93
807 992
-701 822
-570 -910
736 294
104 -471
-780 34
-624 776
-657 599
803 698
428 -640
478 938
844 507
-85 -222
-154 -56
-965 -564
-530 596
172 831
-176 -633
-958 792
926 -242
281 774
649 941
-463 771
528 880
-310 -448
712 -989
581 -240
591 182
-233 -265
596 -935
-798 -266
217 237
578 -575
-783 271
483 356
983 642
472 -291
-547 484
833 -578
222 -503
-286 259
601 -470
761 485
754 -457
974 -454
349 -277
222 436
82 133
-106 -147
212 657
-686 -722
-413 -856
99 487
-259 779
-197 -558
890 -475
364 -262
-662 803
-404 -888
69 -439
688 -690
593 470
-826 -352
352 -151
-994 -717
-712 393
566 -451
-850 459
860 -462
946 773
736 -269
500 952
735 -228
-435 149
138 -447
702 -405
1000 -977
-884 811
960 -110
-141 -128
769 -873
46 -36
-639 -139
443 -629
-31 -549
-892 583
-529 -826
-125 -965
-247 92
318 773
-303 160
910 419
805 891
-76 -844
-575 -528
94 -433
59 778
-254 52
-323 218
-566 460
297 835
5 -1000
-558 55
438 545
65 -949
237 555
-772 -426
61 329
-857 927
-905 -53
-537 114
-305 -775
400 963
790 623
800 -150
-422 -192
-343 101
-276 -892
777 132
553 387
-228 347
491 -720
-717 -864
-26 976
751 -150
706 602
193 754
-521 -50
-908 -459
110 985
-305 743
304 -196
187 976
450 -371
-863 186
489 789
520 856
-461 -817
-272 -127
444 -940
48 -940
22 -175
-341 -227
297 -199
598 695
200 -132
883 -139
-172 225
-363 -538
-67 278
865 487
-802 -171
225 -368
748 -556
410 351
-248 122
705 -24
-391 302
1000 567
781 -29
-845 -686
-394 4
695 -298
187 -997
-505 173
863 -714
-488 -412
-407 479
596 -75
-786 -106
776 795
-950 954
747 508
272 215
-836 -745
-430 -286
167 -296
-120 657
-322 -753
722 451
414 335
173 -811
462 -937
489 -834
386 236
616 698
-709 -260
-16 -562
338 690
116 -406
-318 -927
337 465
-76 821
411 185
655 811
-183 429
753 -115
-116 -564
-481 772
322 867
169 -395
382 652
-800 -257
-406 -101
755 -69
180 -529
870 -348
-5 -575
-562 -264
188 5
394 -156
834 345
917 -115
-692 -603
-694 785
402 422
-23 724
739 -939
-526 598
-526 369
-808 -778
-322 -390
177 -972
232 950
799 243
-772 313
515 255
-449 966
-349 675
714 -582
862 70
541 658
-730 165
290 258
758 363
479 948
-385 614
-346 542
191 252
19 963
681 -638
-871 -592
230 -803
-505 -498
-452 789
-175 -623
-125 955
833 887
600 -627
-188 606
309 658
378 -969
-689 95
-330 -790
-769 -194
289 908
-984 406
342 17
-9 -964
-983 -941
-636 106
308 140
473 207
10 217
779 -504
724 -440
-276 -140
940 353
95 32
-867 -874
924 -675
511 -319
-154 725
730 -275
-278 689
453 908
582 -668
618 -974
957 441
-883 -697
775 141
548 916
-543 391
902 -47
-796 -55
-105 -430
122 -10
449 910
-37 -784
-667 998
-395 -758
1000 -559
-712 -694
-47 -75
-749 407
-335 -771
102 -999
-941 -810
795 -547
-759 887
801 436
560 -673
-37 -663
-963 74
-576 -712
40 -709
-12 -899
26 -644
-527 870
-957 -404
-42 161
636 -944
-90 -819
622 -88
-414 518
-538 482
358 -952
-337 472
160 -937
180 210
-5 164
714 -903
895 -74
-349 354
-444 531
662 627
-181 -62
-133 918
-80 -10
963 326
-309 -62
-476 -468
-514 -760
57 -5
64 937
91 811
-353 -169
735 324
147 -341
-418 -113
-762 77
793 36
-878 131
963 447
371 572
-194 763
-829 252
-841 952
329 575
974 -707
-152 -287
-909 -495
221 224
-23 -631
59 -67
-949 -446
823 -489
-8 108
470 -348
-193 -692
-546 -322
-391 -677
-233 663
221 116
-600 -851
-354 -381
29 -872
-833 -379
421 635
373 887
-398 -451
835 918
-173 -104
-285 -574
-58 -346
-977 -387
-67 588
511 299
232 884
717 404
794 99
152 366
-891 555
768 -412
995 533
-819 845
-511 961
640 305
-90 954
595 828
827 168
-658 -550
698 283
-813 101
-875 -777
-239 602
471 469
-613 -134
863 764
782 -393
-516 967
127 -617
133 366
389 292
-581 -438
-951 -8
-404 161
43 -611
-797 -322
330 651
48 -496
306 28
103 -560
-677 497
-345 970
687 659
234 125
292 -917
304 369
619 -788
990 -121
684 361
85 -493
-301 -263
134 -106
-998 563
-695 335
540 316
705 649
-188 -386
457 547
-653 975
484 421
-96 -383
-664 853
769 -642
22 -428
-859 -177
-331 -21
784 -334
993 -749
-588 582
-117 433
141 -26
664 15
-427 -547
91 382
-224 -942
300 721
-223 680
346 837
-874 -593
-277 -603
327 329
129 -144
894 -341
32 -77
-966 -411
941 902
-7 -69
989 421
992 -328
-106 -600
23 -190
-958 123
-189 -598
-441 349
-412 -936
-106 339
135 -767
-693 808
-538 416
809 -328
351 26
-325 -523
466 501
323 -302
390 -541
211 -772
627 -857
-560 105
-659 -692
-587 645
528 332
452 -481
142 791
637 504
103 -184
-180 -536
66 688
362 -482
255 -608
685 437
-265 817
688 -83
-291 -633
887 800
832 864
-364 57
-777 642
465 -879
-898 123
292 856
239 -697
79 748
944 489
242 217
182 -63
-369 63
452 -468
-517 -101
295 -186
-640 768
-659 489
375 517
-169 353
531 -956
440 -586
-797 -751
-474 656
816 344
-862 22
351 281
561 -175
514 -250
204 985
-125 -466
131 -806
-881 948
619 -49
-436 -917
727 -250
-33 -527
-539 833
464 279
-219 20
-355 -807
-183 431
-715 836
190 942
-873 -504
-295 -793
-309 -691
-395 -206
-462 787
64 79
-819 -268
363 641
760 277
829 -118
-914 663
-502 836
-3 254
-647 189
-578 -206
-797 659
390 -44
25 -694
-483 31
995 -459
-874 146
-461 -439
609 0
77 139
-56 778
402 195
-858 -139
4 -632
470 70
150 654
-27 -211
79 185
55 -667
145 -508
-15 28
-12 942
96 -279
357 21
147 440
441 658
-671 747
287 -38
-102 675
722 -110
-433 804
9 -275
-881 385
628 -792
-575 -592
502 789
-176 -321
491 371
372 945
675 717
-786 393
-184 727
766 81
-100 -97
-549 -189
-241 -73
-718 793
-570 691
-534 385
-423 -602
-29 -446
169 -956
-585 -664
962 666
-217 -726
-701 -839
133 555
-760 -480
-332 455
-828 517
-212 520
591 844
166 -86
548 -21
-707 -469
-924 -238
-630 -20
165 443
-136 -946
-300 -640
54 612
-827 863
732 -493
-201 -661
86 335
-795 586
-666 -761
-789 337
-658 820
216 -602
250 -789
-292 914
-208 -701
172 -709
-673 -764
-245 -58
604 153
-341 877
328 218
-897 659
670 -311
-980 661
97 56
871 -321
-193 223
-862 653
-437 -632
51 583
-763 595
-130 279
-216 993
-548 291
954 616
56 -763
-354 534
11 -240
233 102
-275 -597
67 564
-864 -992
980 790
739 -319
-636 592
-962 -396
977 -262
571 -950
-761 -635
-154 43
-259 515
-347 -352
503 -182
570 -421
-310 698
793 -901
-2 585
982 -211
901 -954
-692 -909
567 -305
111 -814
71 282
-323 651
444 527
-955 -380
-74 -860
-938 -965
767 -15
116 698
88 865
-534 64
-324 -621
-135 69
102 -284
-559 236
678 815
-220 -564
586 997
161 67
-197 359
307 121
546 -351
764 -192
-143 824
344 188
-314 188
-889 482
369 -48
-812 -318
146 -349
-441 83
-259 -169
-743 950
625 817
477 -101
465 599
-774 -844
310 -507
-167 -166
-434 244
153 -454
424 -220
-509 -159
-301 773
790 -917
-499 263
-136 840
631 753
-71 -751
-341 -841
273 779
182 -800
868 -58
362 299
816 -514
587 417
645 -396
-674 -371
-798 88
800 417
-593 722
-894 -667
207 317
943 -581
48 -265
-329 -481
438 186
-732 563
-899 -597
556 407
-588 -476
621 536
-420 -663
-482 -309
-112 -776
-632 915
486 -147
-330 -733
260 264
189 -434
576 12
-54 -155
108 661
649 490
112 551
-998 -253
222 911
368 248
-119 618
-410 -312
560 189
-431 797
417 369
85 -370
145 -319
630 -570
2 -139
628 552
-852 -14
395 -437
460 -42
-127 390
-60 -78
-900 174
-355 -255
808 375
531 -391
-858 -876
-894 864
703 -200
-421 293
-96 -139
-110 680
-43 -542
-630 -73
-171 441
486 216
350 -611
-865 289
-339 -190
681 -97
196 908
559 960
669 337
882 -602
976 -967
-215 519
-42 447
932 158
173 106
-863 -978
535 495
191 685
800 -25
-515 -295
-448 698
49 -482
-180 -305
639 552
-793 700
-451 400
970 800
273 -589
-911 -110
-443 -5
-947 -33
169 522
-518 -179
-833 483
139 350
-362 68
-591 245
-626 -5
931 27
-635 175
-499 773
-660 -636
288 860
-256 -58
547 -192
862 866
-680 -615
-961 -628
-956 -513
978 -6
876 -17
180 -767
-190 188
-385 -576
764 681
-399 -969
-907 776
745 -352
404 109
3 -989
-620 -214
-761 601
990 -548
-29 227
-769 -566
740 472
-618 -397
-26 -751
-188 -584
522 515
-58 -289
-674 -558
-428 666
-105 124
461 764
748 -189
266 -458
-519 255
606 630
-506 194
46 936
-155 -515
-911 145
-481 -42
589 168
-886 -91
526 -935
242 -694
818 634
-469 197
916 -521
-368 774
-762 389
310 -560
-351 -40
927 577
-610 -789
-970 854
107 20
575 125
-554 503
-471 43
303 -334
-434 -627
330 -460
-527 377
180 764
574 -100
-388 -740
-660 787
-844 966
971 -464
742 -287
-663 -945
-583 970
470 -975
-545 -953
547 -755
-136 -260
669 -92
-627 146
730 -634
93 -23
-768 -86
173 -552
-301 23
-210 -842
877 -759
-47 613
357 -795
331 -30
-285 -262
-920 -773
602 470
31 -551
-726 -722
-286 -487
-527 390
-154 -331
-209 -267
123 -23
348 324
-346 667
-506 449
836 -905
655 252
247 952
-782 -947
205 -277
420 843
-711 919
-188 731
-84 34
-497 390
210 740
273 271
701 -972
-328 576
914 304
286 735
-411 807
